434 1763 43 2.3 1705925154
612 1156 30 4.7 1714902334
356 1167 43 1.6 1582437335
92 1189 52 2.9 1697417579
92 1089 39 2.6 1689786151
501 1078 41 4.1 1639503967
73 1534 42 3.2 1677216009
349 1214 61 4.5 1692819839
489 1445 29 2.8 1581277197
601 1534 44 2.4 1701398172
445 1634 41 2.2 1611103549
547 1806 40 1.3 1655100830
601 1534 34 4.7 1647790526
349 1643 44 3.8 1732623789
31 1763 47 2.7 1580202650
467 1698 30 3.6 1709708918
445 1827 34 3.5 1665357123
456 1534 30 2.0 1721005999
378 1284 32 2.2 1664915261
19 1512 36 1.3 1704241158
634 1309 34 1.8 1621196093
578 1428 48 1.3 1664988000
391 1578 36 2.9 1727451455
489 1423 48 3.3 1642485420
94 1578 28 1.4 1650009568
19 1489 48 2.4 1627811180
612 1643 42 1.6 1680095588
467 1214 29 3.0 1625128217
356 1742 36 1.1 1640153225
445 1467 49 3.3 1621587956
523 1378 27 3.0 1712724627
23 1234 39 4.2 1584630155
478 1763 54 4.9 1708943828
445 1167 52 4.6 1628592545
92 1078 46 2.7 1709380981
365 1719 32 2.2 1641990730
398 1512 29 1.9 1663739310
601 1742 40 4.8 1669442773
456 1467 49 2.6 1725459963
389 1763 43 4.4 1581015209
26 1259 32 2.7 1714595783
156 1467 52 2.7 1709523916
19 1445 38 3.0 1590669949
31 1301 44 4.4 1633343009
523 1189 49 3.3 1621892225
73 1643 39 3.6 1609078267
19 1827 52 1.9 1701916194
378 1656 52 3.7 1629122730
467 1284 53 3.9 1647011038
467 1403 53 4.8 1639070453
478 1976 52 4.9 1654876415
187 1167 30 4.2 1583144212
349 1089 53 1.2 1650441526
391 1534 43 4.1 1711092337
578 1742 39 2.3 1722106399
589 1512 38 4.0 1635674233
547 1719 39 3.2 1722875728
398 1428 44 2.2 1593430267
547 1259 54 3.9 1666987254
103 1784 47 3.1 1734150354
117 1656 36 3.9 1578762173
482 1612 41 3.5 1626648997
376 1534 48 2.9 1723548147
128 1827 61 3.4 1620173226
443 1763 48 1.1 1667566333
478 1512 38 4.4 1662871973
467 1284 47 3.8 1681534747
94 1763 40 3.0 1693664465
489 1467 28 2.1 1676092991
81 1489 52 2.6 1684916107
117 1428 43 1.9 1687722928
402 1643 48 4.7 1578792861
612 1643 38 4.4 1682751249
349 1742 49 4.2 1609562346
434 1784 38 4.2 1709151471
501 1634 55 1.8 1683269654
198 1214 36 2.0 1672298304
578 1678 41 4.9 1714538736
94 1827 41 4.4 1677097900
81 1578 53 3.8 1711951579
601 1284 61 3.7 1693494898
445 1976 53 2.5 1680868523
445 1214 53 4.7 1647467505
26 1534 29 2.3 1658694889
73 1078 52 3.9 1684231814
15 1534 39 2.4 1733537195
26 1656 54 1.2 1617555455
23 1848 38 4.8 1692841807
601 1489 47 2.4 1707494615
234 1189 55 4.8 1689908207
523 1556 43 2.5 1594664189
278 1534 34 2.6 1647127629
23 1534 38 2.4 1616399880
523 1763 38 3.5 1699698303
103 1784 44 1.7 1618213291
349 1643 54 2.2 1639251457
156 1234 34 2.7 1706775386
128 1445 52 3.5 1710650417
378 1167 32 2.3 1727636948
234 1848 34 1.3 1668905837
81 1298 44 1.1 1623142866
445 1976 38 3.6 1627051249
26 1378 28 3.5 1700367104
612 1167 42 3.2 1585095551
482 1203 32 3.8 1674489071
443 1489 47 2.7 1624873193
398 1698 55 2.6 1708132196
376 1298 52 3.5 1696225318
156 1423 30 1.5 1614837289
103 1763 44 1.6 1644267600
356 1301 46 1.6 1659503624
547 1214 39 3.8 1605636619
349 1698 41 1.6 1595276286
234 1078 54 2.6 1616018150
81 1678 36 1.0 1697597132
349 1742 48 3.3 1735473430
19 1378 32 3.4 1687343003
601 1678 53 2.5 1715072568
31 1078 39 1.6 1638993403
365 1489 52 4.1 1601360678
156 1203 61 4.5 1635741963
634 1489 47 3.1 1687350086
365 1078 40 3.7 1725682541
92 1848 32 4.9 1664172496
589 1259 36 3.2 1677232766
26 1309 28 3.4 1680157548
402 1167 43 3.3 1681827607
198 1428 28 3.9 1593442890
198 1203 39 2.3 1695334729
23 1284 61 1.5 1678157338
434 1512 41 2.9 1733148457
398 1806 49 3.1 1680353986
267 1827 27 4.7 1713704260
612 1612 34 1.8 1630533769
31 1976 28 3.6 1684632175
349 1612 44 1.6 1676489201
612 1234 48 2.7 1700447358
467 1284 36 3.9 1642023473
23 1763 44 3.2 1718389390
349 1534 54 4.0 1660160858
378 1784 39 4.8 1613417209
547 1423 38 1.4 1702752929
501 1869 36 1.5 1607343693
81 1806 44 4.0 1623762048
391 1189 44 2.5 1622232890
482 1634 52 4.6 1658385662
334 1489 47 3.3 1711794738
456 1089 34 1.1 1722340922
445 1534 47 4.9 1582417288
156 1643 29 2.7 1602137695
157 1189 30 2.6 1628818565
547 1445 61 3.6 1598482577
389 1203 27 3.9 1691388405
445 1656 54 2.1 1672444355
589 1428 32 2.3 1713423407
501 1214 54 3.8 1663037524
478 1189 52 2.9 1601724394
467 1612 53 3.1 1730424416
334 1284 39 2.3 1718647895
334 1423 30 3.7 1640993662
8 1467 32 2.4 1667850282
501 1534 55 3.6 1689332779
23 1378 30 2.2 1683171941
398 1634 52 2.7 1677932803
456 1763 28 3.5 1635076054
365 1167 27 4.7 1639306304
378 1643 48 3.0 1639626989
467 1189 53 2.4 1615208094
81 1512 28 4.2 1586994226
634 1234 46 1.2 1602098081
612 1678 53 1.5 1673203427
612 1298 42 3.9 1726961937
501 1445 27 4.4 1583165314
612 1259 40 1.2 1678981425
391 1167 27 3.5 1672656188
389 1214 42 1.9 1630548540
523 1512 43 3.8 1630947445
325 1309 46 2.2 1670344430
601 1698 41 1.3 1635623520
278 1259 36 3.7 1620176181
15 1656 54 4.4 1655644821
389 1869 40 3.9 1708568208
612 1512 38 2.7 1716973861
467 1284 53 3.1 1611604951
612 1234 28 2.5 1596910310
8 1556 53 4.7 1599419797
187 1467 46 4.2 1678185030
489 1827 53 4.5 1636262967
501 1643 52 3.1 1667288646
443 1634 36 1.9 1691851151
19 1156 52 2.0 1604512101
8 1309 27 2.4 1664341038
349 1089 30 1.4 1631439815
187 1763 47 1.5 1715570834
634 1763 43 1.9 1650403854
79 1189 53 3.2 1732870315
634 1763 53 2.7 1606672825
117 1678 61 4.9 1620106768
198 1698 29 3.8 1630887685
325 1763 55 2.3 1630196546
523 1612 61 4.6 1670749693
267 1556 42 3.6 1588349776
356 1423 52 3.7 1639119992
589 1698 34 4.6 1715781302
482 1643 54 3.8 1633369875
578 1423 41 1.8 1729011444
349 1678 41 2.2 1706477258
26 1284 38 4.6 1688169183
92 1203 54 3.9 1605450841
31 1534 49 1.9 1619630639
128 1403 28 4.2 1612228797
389 1719 55 4.4 1701878897
391 1698 52 2.5 1726505463
634 1445 34 2.3 1604315963
365 1534 48 4.0 1718498834
94 1534 40 3.8 1684522293
378 1643 28 1.2 1666957760
198 1827 29 2.5 1690302749
434 1512 27 3.4 1685350400
365 1848 29 3.8 1638157365
391 1167 43 4.3 1729084438
26 1214 52 4.7 1713968636
389 1634 41 2.9 1587762134
601 1284 48 3.7 1705151299
79 1719 29 2.0 1678431096
157 1284 52 2.0 1708044571
634 1309 48 2.2 1727460941
467 1806 44 4.0 1594887234
334 1656 55 1.0 1629863897
92 1848 43 4.9 1691479467
267 1298 49 1.6 1715928873
198 1806 39 2.3 1669991996
601 1534 47 4.5 1703525014
378 1742 52 4.3 1697789916
356 1656 41 1.3 1676459301
478 1827 47 4.1 1719252067
601 1403 29 4.0 1603403929
489 1976 28 3.0 1621818674
94 1556 34 4.8 1584843562
31 1848 53 3.2 1593741409
578 1428 49 1.3 1595044925
482 1378 61 4.2 1726138937
128 1203 44 3.1 1629292921
73 1827 28 4.6 1619520095
398 1719 47 1.0 1661985562
94 1578 30 1.1 1603352857
612 1214 34 4.5 1717115037
81 1643 27 2.5 1645535821
376 1467 53 1.9 1665911037
15 1512 53 2.6 1591864479
79 1698 53 3.0 1709310855
489 1643 28 1.3 1623579557
634 1445 43 2.3 1699555537
365 1784 42 1.1 1593776403
482 1301 40 2.1 1698085091
389 1378 47 1.5 1630410094
92 1423 30 4.5 1721828220
79 1827 53 4.1 1603226207
26 1763 53 2.2 1729165250
157 1784 46 3.6 1638725566
434 1784 39 4.1 1667365405
234 1512 43 3.0 1690707622
467 1167 46 4.2 1691962368
398 1848 39 2.2 1688255344
31 1678 52 1.6 1596089008
398 1719 42 1.2 1647262998
402 1214 28 4.3 1585291707
478 1428 30 3.6 1704998497
156 1784 34 1.4 1729100665
92 1089 27 3.5 1607080149
31 1556 38 4.0 1593201908
391 1189 46 2.4 1709143903
356 1634 49 3.3 1579475617
489 1698 43 1.5 1630211263
128 1806 48 1.3 1578948918
117 1643 39 2.7 1678979245
365 1403 32 3.0 1580308165
467 1848 54 2.2 1675368763
501 1467 44 2.8 1626161189
445 1742 44 2.0 1614117747
589 1203 46 3.0 1673551105
356 1284 61 2.0 1659745467
103 1489 39 3.2 1716855720
187 1445 36 2.5 1587889743
445 1742 43 2.6 1629807978
278 1784 28 1.4 1600556370
8 1445 53 3.3 1677419718
391 1556 52 4.8 1621421138
8 1284 42 3.8 1663211799
356 1698 30 2.5 1616670694
31 1203 53 2.9 1579593747
445 1301 49 1.2 1640020893
92 1214 29 3.4 1672618160
23 1301 39 4.1 1687227886
578 1534 40 1.6 1666952744
467 1378 30 1.3 1627124395
478 1089 32 5.0 1716936179
349 1534 40 3.1 1659104992
612 1763 49 2.8 1586793422
523 1612 47 4.3 1611969689
434 1078 61 1.3 1616543267
267 1698 46 3.1 1730630734
445 1214 32 1.5 1588398044
73 1489 27 2.7 1691269332
456 1156 44 4.9 1683898681
365 1512 30 4.1 1605227270
79 1403 30 1.2 1672164545
467 1869 32 2.1 1631848500
589 1512 38 4.1 1601314464
478 1698 53 1.1 1706034226
79 1423 48 2.5 1733960508
467 1534 53 3.1 1699588205
234 1827 36 4.0 1589794477
103 1612 30 3.9 1623481654
391 1719 53 1.1 1707060686
325 1467 52 4.9 1577858053
445 1643 34 1.4 1733990493
198 1742 52 2.4 1707044965
234 1403 43 3.5 1619359022
489 1156 27 3.9 1600251168
23 1301 40 4.9 1637724786
547 1298 52 2.6 1723914377
349 1556 40 1.1 1631392827
79 1656 42 4.6 1722600204
94 1309 52 4.6 1717057894
398 1719 52 2.7 1732075223
349 1806 52 1.2 1636692222
478 1467 55 2.1 1631458995
434 1167 43 2.4 1678796717
434 1869 52 4.1 1735332752
443 1423 52 1.1 1588385036
612 1784 36 4.3 1728231920
325 1167 36 2.7 1657924586
489 1719 47 4.8 1670692161
103 1203 38 4.6 1633501474
478 1556 61 4.2 1682092421
157 1423 27 3.3 1627466801
578 1512 52 3.3 1585951660
117 1089 61 2.8 1661792185
523 1378 36 4.7 1618229604
365 1167 30 3.6 1640111732
482 1423 43 2.5 1654119853
128 1167 52 4.2 1585617781
612 1634 39 3.8 1610289429
402 1784 44 1.7 1708008874
92 1445 43 3.7 1662689513
267 1203 30 3.0 1671183425
489 1156 28 2.0 1603245056
79 1234 34 4.7 1692457103
156 1309 40 4.9 1669392546
117 1078 53 3.3 1642175270
467 1378 54 2.6 1641056429
523 1214 38 4.1 1708158429
443 1534 42 2.7 1657183961
325 1634 40 3.3 1734397639
478 1089 52 1.7 1729381172
456 1403 34 4.8 1653606079
31 1976 52 1.8 1725631764
547 1403 42 2.2 1718380841
467 1719 43 2.8 1659734403
79 1234 53 2.8 1630601150
601 1445 52 2.2 1676143509
456 1512 44 3.3 1580590149
402 1719 28 1.9 1731123851
501 1428 53 4.3 1625744563
23 1643 46 3.9 1679909938
356 1467 47 4.9 1644718740
398 1445 52 2.6 1611490606
19 1512 39 3.8 1607363690
398 1719 43 4.9 1610801173
26 1403 53 3.3 1595223669
156 1309 28 2.2 1609561922
187 1678 40 4.6 1655919126
8 1403 32 3.2 1582036342
79 1678 53 2.0 1602358990
8 1763 36 1.2 1641958594
456 1428 55 4.2 1715204902
589 1534 53 1.2 1649259205
15 1156 53 1.9 1578660343
103 1578 49 2.3 1603137640
612 1423 46 4.2 1648931600
634 1698 46 1.7 1661107113
325 1976 47 2.7 1674337559
8 1976 29 3.3 1703427231
15 1301 49 3.8 1701589164
198 1634 28 3.1 1662274117
73 1976 30 3.1 1691832739
92 1078 54 3.4 1713721805
467 1428 32 3.6 1582138687
634 1698 49 1.3 1615384188
198 1719 39 3.0 1652860732
349 1678 38 4.6 1671385863
103 1534 55 3.9 1600413751
187 1156 38 2.0 1584156249
23 1089 40 3.1 1615277252
31 1578 52 3.4 1687228097
634 1976 38 3.1 1711681118
81 1156 54 1.5 1619991178
19 1403 53 3.9 1640818425
467 1445 32 3.7 1682511075
187 1556 48 2.5 1606255011
467 1763 47 3.1 1712602099
589 1827 43 4.6 1664983718
445 1848 44 1.6 1710568564
356 1719 44 4.5 1601690972
325 1806 43 5.0 1602745731
349 1423 46 1.6 1617453293
467 1089 28 2.6 1696412215
94 1234 52 3.4 1658751840
73 1656 43 4.2 1620333503
634 1719 55 1.9 1635679465
547 1784 36 2.1 1639512180
523 1763 34 4.9 1581851451
79 1445 49 2.9 1650004382
612 1678 53 1.5 1615510417
278 1742 47 1.0 1607720781
467 1214 39 4.8 1649147771
156 1403 53 3.2 1707865902
501 1234 47 2.0 1702816447
94 1578 46 1.2 1707804315
456 1089 29 2.7 1588909345
365 1189 32 1.3 1666403482
443 1214 61 1.5 1704543406
81 1742 54 3.4 1628439471
103 1078 30 1.4 1652832578
578 1301 36 1.3 1659598552
278 1634 52 2.3 1655694226
73 1827 49 3.4 1656384899
356 1445 30 2.7 1702561980
8 1309 42 1.3 1611047083
443 1806 46 4.3 1675319851
81 1078 28 2.2 1584684612
73 1078 39 3.1 1706762221
467 1467 39 2.3 1620455652
467 1214 40 4.1 1632795391
81 1827 36 3.2 1715468775
26 1214 54 4.1 1695808466
234 1189 53 4.2 1662664160
15 1078 55 2.3 1617702356
187 1284 43 1.2 1730961329
8 1489 39 4.5 1735599075
157 1643 39 3.0 1636145819
634 1976 41 2.5 1704473517
634 1214 34 1.3 1655419733
267 1301 42 2.3 1718521638
601 1848 48 3.1 1691799801
634 1214 29 3.1 1684659125
278 1467 32 1.1 1584206990
8 1534 49 3.8 1692806346
634 1423 27 3.8 1662052622
482 1719 46 4.4 1716871541
128 1214 32 2.7 1690658977
402 1189 32 4.1 1680674998
325 1428 36 4.4 1666876844
19 1203 32 4.9 1730516112
81 1578 53 5.0 1693805895
378 1089 52 4.9 1593544782
612 1156 49 3.4 1681875481
489 1698 27 2.2 1582168029
187 1189 48 2.1 1730535389
612 1806 32 2.9 1647276632
601 1742 61 3.5 1685660502
187 1578 48 2.2 1614500577
434 1214 44 2.2 1593968429
128 1806 44 2.4 1635470200
402 1445 49 2.9 1675693671
278 1203 54 3.4 1672795127
103 1806 49 2.1 1633526302
482 1612 52 3.5 1651033306
443 1284 30 3.1 1604849677
156 1259 53 4.1 1625382661
391 1784 54 4.3 1638354358
378 1698 54 2.1 1595224648
501 1827 53 1.5 1684600323
334 1534 39 1.2 1703367962
478 1298 27 4.2 1626903812
601 1976 53 2.9 1712260849
349 1403 39 3.5 1666362241
389 1298 44 3.9 1637387163
376 1309 36 1.8 1601183330
467 1489 43 4.8 1606963425
356 1848 47 3.0 1711802883
612 1309 28 4.9 1696769656
349 1827 54 1.4 1694235334
8 1643 52 3.0 1622508913
267 1556 44 3.1 1733562027
365 1742 54 2.8 1704511297
8 1556 39 2.6 1707746217
157 1534 30 1.6 1636542627
434 1156 42 4.0 1687939063
612 1259 42 3.7 1636252579
601 1556 27 2.3 1673230180
157 1719 52 4.2 1642362183
634 1534 28 3.1 1588067128
578 1578 52 1.9 1640473027
501 1763 42 2.3 1705438476
612 1827 54 2.7 1707917069
73 1848 53 2.6 1617703094
467 1678 39 2.0 1650852319
601 1423 49 1.1 1608676372
325 1423 36 1.7 1707592593
103 1089 39 1.6 1587022257
398 1489 47 1.8 1732597833
391 1827 41 3.1 1685126994
489 1827 28 1.8 1603782037
157 1167 49 3.3 1611164474
389 1556 40 3.8 1583482646
601 1634 38 5.0 1644519062
349 1203 40 3.4 1676246569
198 1167 32 4.3 1661361069
117 1089 29 3.4 1697526729
601 1445 42 4.2 1596412899
94 1512 61 2.3 1642372244
92 1784 27 3.7 1717439085
278 1534 36 2.1 1734397891
489 1203 28 1.0 1705445638
198 1301 41 3.3 1660960015
278 1403 30 2.3 1703892091
482 1298 40 3.8 1661597656
26 1643 44 1.8 1719988575
489 1578 49 4.9 1621251227
356 1489 47 1.7 1682499368
391 1634 49 1.9 1687712343
356 1203 52 3.6 1678596976
325 1784 40 1.4 1683033901
157 1309 42 2.9 1668629710
79 1156 52 2.4 1639249482
157 1189 29 1.1 1604401487
128 1578 61 1.2 1581211939
523 1203 53 3.8 1677301630
81 1301 36 3.2 1662737062
103 1848 53 3.3 1585904678
117 1656 39 2.7 1624080905
634 1534 42 2.5 1692356637
23 1784 49 3.3 1630461353
73 1848 52 1.8 1722647073
398 1078 49 4.2 1597770254
349 1869 29 4.3 1602489726
117 1678 53 1.5 1613317256
8 1678 30 2.8 1687152412
365 1827 38 1.3 1603318956
31 1378 48 2.6 1621443565
578 1643 61 2.7 1695513968
103 1512 28 4.7 1590001839
391 1719 53 1.5 1709163720
398 1534 52 3.4 1696155216
267 1214 49 1.6 1580036159
267 1742 28 2.4 1582353421
389 1167 47 2.2 1635765757
157 1784 27 3.9 1659230185
234 1612 49 3.0 1696935777
612 1428 53 1.9 1695474242
398 1678 32 1.0 1665326631
501 1784 55 1.4 1611831177
578 1534 36 2.6 1580355235
445 1078 43 1.7 1586004593
378 1167 53 2.5 1624833341
81 1656 32 2.3 1624038888
26 1719 43 3.9 1617074299
589 1976 32 1.8 1613125295
391 1214 34 1.0 1655585806
601 1534 53 4.8 1722701032
94 1298 52 1.5 1689213127
443 1634 61 2.5 1726191098
578 1763 52 4.2 1733403943
278 1512 46 1.5 1706116153
103 1643 53 3.4 1656317243
198 1763 53 1.1 1710704251
157 1976 32 4.6 1610823266
634 1784 53 1.4 1719162578
128 1259 32 1.7 1683129743
378 1203 28 2.7 1669650773
634 1827 36 4.2 1705981293
156 1259 49 2.3 1707395810
23 1534 43 4.3 1590205348
601 1189 46 4.0 1641708457
26 1827 27 3.4 1732809543
523 1678 40 1.0 1629766759
391 1976 38 3.8 1718853733
187 1869 55 1.2 1700999731
601 1827 48 1.1 1646762293
128 1467 47 3.1 1649772156
523 1259 53 2.3 1704439268
26 1848 32 4.2 1617957752
128 1742 53 3.4 1696152673
325 1445 36 4.1 1734565536
198 1578 34 4.1 1716896316
489 1534 46 4.0 1726259380
578 1078 27 2.3 1705510418
234 1378 29 1.3 1696652699
15 1643 43 1.4 1653626644
443 1156 61 3.1 1615787591
467 1742 54 3.2 1683790147
489 1534 40 1.7 1618020443
187 1214 43 3.8 1717754234
234 1284 40 2.0 1724224269
434 1534 30 2.5 1699199812
15 1848 34 2.3 1617455529
334 1534 61 2.6 1712642610
634 1634 55 4.2 1708694761
79 1784 43 3.2 1730319052
612 1578 38 2.9 1585995161
234 1719 39 3.8 1622193484
15 1612 38 2.6 1640500330
325 1698 61 3.9 1729487294
81 1298 41 2.3 1634400880
356 1719 44 4.1 1683412408
73 1467 49 2.7 1674398726
349 1428 36 2.8 1697039495
612 1976 55 3.6 1669420759
467 1976 53 2.2 1637034185
73 1742 29 3.4 1632268467
187 1489 52 3.8 1665655068
325 1378 38 3.0 1694916686
92 1534 38 4.8 1701123798
445 1784 34 3.7 1650631660
612 1378 29 3.3 1583925354
23 1301 54 4.6 1615577035
547 1378 54 3.2 1699884022
365 1298 52 4.1 1587295610
81 1298 46 4.4 1606176498
443 1467 28 1.0 1662323920
73 1578 49 3.4 1614990581
198 1698 43 4.0 1729120887
612 1827 52 3.3 1589179659
198 1203 53 2.0 1631929232
128 1167 49 3.6 1686722024
378 1423 52 2.7 1708862571
23 1578 47 2.8 1602606925
612 1784 43 5.0 1656641832
467 1301 55 1.1 1584705306
325 1763 61 1.4 1707467880
73 1643 41 3.2 1625167746
278 1467 44 4.2 1639508004
81 1167 53 4.3 1580539436
117 1742 40 1.7 1705966023
445 1089 28 5.0 1578017957
356 1423 53 1.8 1579767053
73 1698 29 1.6 1670623064
73 1534 53 4.2 1593697651
547 1763 54 4.6 1659272133
81 1284 46 4.2 1658372712
445 1719 54 2.6 1616048446
234 1534 36 1.2 1719229189
612 1827 40 2.7 1589667231
157 1156 44 2.3 1659536478
482 1634 47 1.6 1665017545
434 1203 34 3.0 1672014481
234 1556 34 2.2 1590207675
578 1309 38 2.4 1615063965
31 1403 48 3.4 1588029850
26 1656 41 1.6 1640541776
73 1612 43 2.1 1610327541
325 1259 53 3.1 1629988112
267 1203 30 2.8 1626517755
589 1534 32 3.5 1599184292
501 1298 43 4.3 1634046341
601 1556 41 2.9 1605315011
356 1719 42 4.9 1682475777
8 1403 43 1.2 1607758175
489 1512 47 4.3 1637004344
278 1634 39 1.4 1649640312
612 1403 55 3.6 1615698213
482 1309 36 2.5 1719624199
267 1259 32 3.3 1627762335
26 1578 39 2.0 1730956973
365 1534 40 2.2 1633189958
523 1423 39 2.4 1731997538
482 1259 41 1.2 1710453204
349 1489 53 3.5 1703900591
443 1284 52 3.7 1671350633
15 1259 48 4.8 1724523857
589 1298 36 3.1 1646440545
198 1534 46 2.8 1643410312
349 1534 47 3.5 1623967806
79 1643 48 4.4 1623196568
79 1489 54 2.5 1689764998
389 1512 28 1.5 1590841045
156 1698 52 3.6 1626248093
103 1234 55 2.1 1668951254
94 1167 42 4.5 1638803860
73 1203 49 3.9 1686754174
456 1976 47 4.1 1725488304
103 1284 52 4.2 1642457680
23 1445 52 4.8 1584445955
547 1512 53 4.8 1622610936
267 1656 49 4.3 1719095147
187 1827 32 4.4 1698352092
612 1534 48 3.7 1701246208
391 1203 40 3.5 1684570163
389 1214 53 2.1 1649516664
443 1259 43 4.0 1622635385
634 1784 46 4.2 1643012277
157 1784 39 4.1 1700168632
26 1445 46 2.2 1611884163
156 1203 40 1.6 1720139393
391 1806 38 1.9 1674784886
489 1156 52 2.3 1633778991
157 1643 44 4.6 1723607917
117 1976 54 2.5 1613140244
378 1403 53 2.1 1641726439
31 1612 36 3.0 1627400808
117 1643 54 2.0 1614569596
402 1234 53 2.5 1661612594
398 1309 53 1.8 1665611949
73 1698 36 2.6 1734338700
612 1678 49 3.4 1670378097
73 1467 32 1.3 1598780521
398 1284 52 1.4 1700899960
349 1534 34 5.0 1624473945
157 1078 34 4.2 1652027249
634 1403 27 1.4 1600255098
349 1423 48 1.7 1604050136
365 1167 52 2.1 1585269431
234 1203 43 1.1 1666024402
234 1848 40 3.1 1731366616
389 1156 52 2.2 1729997363
389 1848 55 3.7 1632527598
467 1467 46 3.9 1725730484
79 1556 39 3.8 1640598147
103 1378 28 3.3 1617872158
81 1156 44 1.2 1627639437
376 1556 41 2.7 1648010037
81 1378 34 3.0 1657605249
482 1643 54 4.8 1726568690
356 1784 36 1.3 1600220068
92 1742 53 3.5 1694405296
489 1234 47 1.9 1690527540
489 1534 55 2.9 1661716318
81 1234 34 3.2 1580369220
31 1214 34 2.3 1582336229
117 1678 46 3.5 1623956762
349 1428 41 2.5 1642721705
467 1763 47 4.1 1636485678
612 1445 61 4.7 1680364657
578 1612 47 3.6 1678654485
8 1156 30 4.0 1662863976
523 1763 48 2.1 1679394348
234 1578 28 1.5 1625379223
378 1976 55 4.6 1712425859
349 1806 34 1.1 1591778333
402 1556 54 2.9 1634632320
334 1656 61 2.5 1615818331
117 1719 48 4.7 1583428268
578 1428 53 1.4 1611189165
23 1378 46 3.9 1595643847
523 1234 46 2.6 1675627471
234 1156 61 4.5 1686758260
15 1643 43 2.6 1690418877
501 1698 30 1.1 1678087204
128 1612 44 2.5 1650970109
589 1869 52 5.0 1724978956
501 1309 49 2.9 1626747757
482 1214 32 4.2 1644093198
391 1403 53 1.6 1602614601
117 1234 30 4.9 1615990999
445 1578 49 3.1 1732075107
634 1976 55 3.6 1626158697
434 1976 61 1.7 1620555169
578 1869 52 1.3 1610028198
378 1976 48 3.8 1617107644
445 1214 42 1.8 1622155075
81 1156 34 4.3 1591563454
92 1656 43 2.4 1645384674
376 1556 38 4.1 1590412958
547 1556 52 3.8 1723170612
15 1167 28 1.1 1696193803
523 1827 54 3.2 1654391278
156 1742 39 4.3 1584650916
589 1078 27 3.1 1733159987
482 1189 32 1.9 1586852181
365 1806 55 4.3 1670448793
589 1298 28 4.1 1675544182
467 1976 55 4.8 1664479664
234 1378 54 3.9 1593857219
349 1284 34 2.3 1732473116
365 1643 42 2.0 1687189888
402 1678 27 5.0 1651049854
79 1612 34 3.7 1598222600
128 1634 47 2.7 1598789207
378 1167 32 1.1 1720762246
278 1403 34 3.6 1594600882
489 1869 30 3.0 1724475622
365 1167 52 3.8 1585553475
94 1578 47 3.3 1651483158
79 1301 39 3.9 1703823941
634 1976 53 2.2 1732814664
389 1556 47 1.0 1686474495
187 1284 44 1.1 1677630880
92 1089 27 3.4 1591594547
156 1848 42 1.5 1669560532
391 1167 29 2.5 1722865112
376 1298 27 4.4 1672263717
601 1698 27 4.4 1670518110
234 1403 54 1.5 1671406533
578 1678 40 1.0 1666823430
482 1467 48 2.2 1661432295
31 1869 40 1.3 1729344559
79 1156 53 4.2 1727654344
445 1378 38 1.4 1653224652
578 1089 42 1.1 1593956476
501 1827 46 2.0 1662297958
23 1467 27 1.1 1717175007
8 1167 42 4.5 1622539995
478 1467 54 2.1 1724920252
79 1156 36 1.1 1667742952
187 1643 49 4.0 1633202091
398 1298 34 2.9 1625619625
376 1578 53 2.4 1696823825
523 1298 49 1.5 1583108860
376 1698 36 1.5 1641021679
349 1089 43 3.6 1584105285
8 1203 29 4.2 1608540500
94 1214 53 2.0 1625358654
156 1467 27 2.4 1608462057
94 1556 52 2.7 1684322162
612 1089 29 3.8 1594159423
94 1643 39 3.4 1605485070
478 1284 44 1.8 1648928705
478 1534 48 5.0 1642379623
19 1301 54 4.4 1689921856
389 1869 36 4.3 1720815479
612 1156 52 1.1 1735342028
478 1428 52 3.9 1645833480
489 1742 29 2.3 1682140968
334 1656 41 2.7 1696485724
634 1445 32 4.7 1666513835
378 1512 53 1.7 1589187481
434 1827 42 3.2 1599483263
356 1763 34 4.6 1726383537
489 1742 53 2.7 1609915542
612 1656 55 1.1 1708112843
589 1763 49 2.8 1623552327
103 1189 54 2.5 1605149401
402 1078 28 3.0 1672944283
79 1428 40 3.6 1653535800
398 1848 42 4.1 1604434793
547 1378 36 4.5 1647025976
578 1489 53 4.8 1675989237
278 1428 53 1.1 1583582273
523 1078 29 1.1 1590245057
478 1403 46 4.9 1641672388
601 1203 54 2.9 1661066381
349 1298 53 2.8 1730561631
501 1869 55 3.4 1679025196
398 1167 34 1.4 1641372530
547 1403 52 1.4 1628635433
26 1848 53 1.5 1667421292
73 1423 55 1.1 1703766012
92 1827 41 1.5 1688777680
398 1742 42 2.4 1724690728
325 1534 39 2.5 1699232423
8 1534 47 4.0 1725787872
128 1309 41 2.2 1690180793
612 1234 49 3.8 1726711823
467 1445 36 2.3 1624917402
15 1976 43 1.7 1718650951
482 1284 47 4.3 1728396733
445 1643 47 4.8 1612126209
523 1284 34 4.5 1603381072
156 1869 32 3.2 1732581439
157 1078 54 2.4 1615824487
601 1189 52 3.0 1720604897
325 1189 46 2.9 1696756792
94 1656 52 3.4 1697059575
156 1078 48 4.7 1717049945
94 1534 28 4.8 1639471137
334 1848 46 2.0 1659268038
334 1634 54 4.6 1614201184
523 1869 38 2.6 1582040970
391 1556 38 1.2 1704260282
443 1445 41 4.0 1591559886
547 1309 30 1.1 1629942992
349 1467 55 2.5 1609516379
612 1656 53 2.2 1704934748
8 1678 34 5.0 1661404713
391 1763 43 4.4 1733555457
443 1189 43 3.5 1683707169
325 1763 40 2.0 1599093356
15 1742 54 2.7 1621228983
402 1428 32 1.2 1655673628
19 1869 27 2.8 1586057327
187 1445 36 1.7 1636830026
443 1556 30 4.3 1713315136
456 1403 47 4.6 1660780740
391 1301 43 1.2 1636369273
26 1234 55 4.0 1719633486
547 1534 53 3.2 1683177155
578 1259 29 1.9 1707969625
117 1656 47 2.6 1584842410
391 1534 46 3.6 1689281369
389 1643 46 3.5 1715743612
356 1428 46 4.7 1711689239
128 1848 46 4.0 1648169517
489 1203 53 3.6 1667935012
117 1156 36 1.9 1719898913
278 1298 38 3.7 1727512995
402 1848 52 1.9 1587122136
443 1078 34 2.1 1582264482
523 1203 46 2.5 1601474012
365 1467 36 2.5 1698078340
278 1189 52 4.7 1609972183
19 1643 41 2.4 1664300813
482 1489 28 1.1 1735258698
547 1698 39 4.8 1672115797
378 1806 30 4.2 1633975337
391 1976 46 1.3 1670262795
523 1301 47 4.7 1688215850
157 1167 52 2.1 1689704935
156 1869 49 2.3 1592261680
325 1467 40 3.5 1621778399
278 1634 28 1.2 1639884784
612 1423 43 1.4 1657830070
634 1763 38 1.5 1638678445
489 1976 41 2.7 1671299761
467 1612 52 2.1 1667705681
15 1848 54 2.5 1718310988
402 1423 29 2.5 1585291838
79 1612 46 4.3 1681430668
156 1156 44 2.1 1682762724
234 1423 54 2.9 1608130821
456 1698 39 2.0 1599006530
612 1234 48 3.8 1660215084
79 1489 61 1.7 1596968706
79 1643 48 3.5 1652816584
547 1634 61 4.0 1683748472
26 1423 53 1.2 1634631332
157 1078 34 4.9 1693671084
94 1301 30 1.7 1605377447
26 1301 53 4.2 1672638886
378 1742 43 3.1 1714425655
365 1698 42 2.4 1650644559
234 1428 40 4.0 1718366099
478 1156 34 1.4 1699013033
523 1742 55 2.0 1705838961
278 1534 29 4.1 1652891102
128 1719 39 3.3 1614636292
601 1403 52 1.5 1709497316
23 1428 44 1.9 1655105702
467 1467 42 2.7 1690561462
92 1156 53 2.7 1679246683
578 1556 52 4.7 1579094452
19 1512 43 1.9 1616297944
8 1763 52 3.9 1651442060
547 1827 42 3.4 1611706277
467 1167 30 1.1 1702957672
578 1784 54 2.1 1607990432
478 1309 61 4.8 1699353382
612 1309 52 4.2 1631931560
198 1214 47 2.5 1641397833
103 1848 53 2.8 1654978729
501 1403 47 2.4 1666920601
402 1234 52 1.8 1578053940
456 1428 42 4.7 1691679959
128 1698 40 3.9 1603882512
578 1214 41 1.6 1724683358
187 1719 28 4.8 1725956329
467 1678 49 1.2 1658428665
15 1078 36 1.8 1587215396
478 1203 61 2.9 1597474402
601 1698 39 3.4 1620936803
187 1784 28 4.8 1601590154
157 1234 61 3.1 1687796143
482 1848 39 3.1 1633017496
445 1301 27 1.0 1734581226
81 1445 53 2.9 1590704076
334 1512 36 2.6 1673909588
612 1742 38 1.3 1601082522
398 1309 29 4.0 1619864871
467 1378 54 2.5 1680303043
92 1234 43 4.3 1699092725
434 1301 53 2.2 1656690327
31 1259 47 3.2 1660202758
547 1578 49 3.5 1732817938
267 1428 43 3.6 1654236250
378 1869 47 1.9 1657104030
634 1214 49 2.9 1633648334
402 1489 52 1.6 1614462802
94 1467 29 3.3 1589005668
398 1203 39 4.7 1625196291
365 1467 47 2.1 1650737412
634 1643 52 4.5 1687734152
578 1827 43 1.8 1696440559
19 1489 46 3.7 1607318812
376 1656 34 4.1 1596997400
578 1678 48 2.1 1617232547
482 1848 41 4.1 1585867018
489 1298 36 1.9 1586124662
103 1214 29 2.6 1663326822
489 1612 30 4.7 1719334524
443 1678 43 4.9 1707306702
128 1301 52 1.6 1721415446
456 1742 40 4.6 1655883128
478 1301 53 1.8 1626566694
103 1534 43 2.3 1626961127
612 1189 39 2.7 1696057790
103 1428 28 2.1 1582543224
128 1656 55 3.4 1589877461
489 1189 34 4.1 1583227605
445 1284 61 4.3 1688617611
128 1698 29 4.7 1645055771
79 1742 48 3.5 1592981760
489 1309 30 3.6 1602511220
389 1189 54 1.6 1726065698
8 1827 29 2.8 1627019685
23 1827 44 1.2 1728679684
523 1827 39 4.5 1662818149
23 1078 38 4.6 1604788736
157 1428 53 4.0 1724449638
156 1234 40 3.7 1676135373
92 1742 32 4.6 1716310971
157 1214 34 2.1 1582995653
349 1378 36 1.1 1671357222
23 1784 27 3.9 1671922284
94 1534 53 1.2 1634474525
478 1806 52 2.0 1709652707
434 1578 41 4.1 1585269088
15 1378 43 3.0 1659308084
391 1678 36 2.2 1684306209
156 1784 52 1.9 1622551603
128 1656 32 3.5 1606491014
23 1284 32 1.7 1603988142
278 1578 30 4.2 1700618933
389 1234 30 3.1 1625304659
325 1078 53 4.4 1675770569
325 1489 34 1.6 1659019831
612 1203 32 3.0 1617244548
376 1467 38 4.7 1684569634
589 1214 39 1.4 1644939499
19 1423 52 4.3 1668419973
198 1512 36 1.3 1591697796
589 1634 49 3.8 1603126214
578 1534 53 2.5 1727242851
376 1284 36 3.7 1715590787
278 1806 30 4.2 1616142839
198 1512 32 3.0 1729176588
634 1214 54 2.7 1612767015
157 1512 30 2.0 1660977407
445 1309 36 4.5 1663793515
325 1698 38 2.9 1587641601
157 1678 47 3.7 1680430488
445 1403 29 1.9 1595536112
612 1698 52 1.1 1678185049
79 1167 52 2.5 1691972899
578 1467 40 1.7 1710834591
31 1643 43 3.6 1694400783
267 1167 44 4.4 1608595167
8 1976 53 2.5 1717521072
79 1848 40 1.8 1591877390
478 1203 28 3.1 1591229408
398 1403 54 3.5 1638438730
156 1976 27 3.7 1665388768
601 1214 32 3.4 1673336668
325 1784 40 3.3 1682173023
31 1698 39 1.3 1604378940
589 1612 48 2.6 1681404940
612 1423 48 1.0 1608492501
482 1489 40 4.9 1584525930
478 1234 36 2.6 1631452859
443 1489 36 2.2 1681645141
267 1719 44 3.4 1585012435
612 1378 41 2.3 1719465273
79 1301 38 1.5 1689380070
278 1089 46 3.2 1721341925
19 1234 49 3.0 1680337030
278 1167 42 1.5 1590606606
79 1189 32 2.3 1595621207
31 1489 39 4.4 1727118889
8 1869 53 4.1 1712723477
376 1489 46 4.0 1600077687
26 1298 54 2.4 1598758708
103 1534 38 2.2 1697644046
26 1643 42 3.4 1708143619
523 1656 41 3.7 1595923837
445 1698 40 3.3 1680975135
389 1806 42 1.8 1612003162
501 1428 39 4.1 1660216883
612 1512 39 2.7 1635614309
612 1643 49 3.3 1588912727
467 1869 32 2.5 1730581192
601 1259 27 3.8 1664444043
267 1301 27 2.1 1730850766
198 1556 39 2.7 1594737840
434 1784 44 2.4 1670023058
467 1378 53 1.4 1697631311
612 1089 47 1.4 1595594972
378 1167 27 2.1 1602410449
31 1234 42 5.0 1704385936
391 1423 32 3.1 1650834783
8 1534 49 4.9 1696096152
267 1678 38 4.4 1694172158
19 1578 38 3.2 1719431264
103 1301 34 1.5 1587436709
349 1445 53 1.1 1727263353
378 1423 49 1.2 1628178875
356 1848 48 4.6 1614637146
234 1445 32 1.4 1585790716
103 1763 52 3.2 1592872939
443 1656 36 3.9 1639049027
94 1167 52 2.7 1719904785
31 1643 40 4.5 1702279583
434 1089 48 4.4 1715776062
278 1203 28 4.1 1640147300
157 1869 41 1.2 1633455992
356 1719 54 2.4 1601252434
334 1156 53 1.0 1626687985
365 1827 54 2.8 1708289037
356 1284 44 2.9 1730533523
456 1678 48 4.3 1690468836
349 1869 39 3.9 1620195100
156 1698 28 3.5 1599129981
402 1827 52 3.3 1715675340
325 1698 54 2.8 1678622144
589 1467 53 2.8 1657449673
456 1189 53 3.9 1596602549
398 1298 52 4.7 1616295125
467 1578 52 2.7 1732043249
325 1612 52 4.3 1645500475
103 1512 43 4.3 1666281630
634 1719 53 2.8 1581159042
92 1719 41 1.6 1613329486
443 1298 53 4.2 1652393351
467 1848 49 3.0 1673703003
26 1742 46 3.9 1687110071
612 1634 53 3.4 1641127872
445 1089 53 3.2 1594508901
325 1656 39 2.1 1664902772
489 1234 38 1.1 1594156800
482 1489 52 2.8 1663861993
81 1445 42 2.8 1586596618
365 1259 44 4.0 1687335127
478 1678 46 2.2 1605734845
501 1089 46 2.0 1684594701
26 1678 34 3.8 1602496659
389 1284 30 5.0 1609355240
547 1634 29 4.9 1628307790
578 1298 43 2.5 1626529598
434 1512 55 1.1 1655551172
445 1578 30 1.0 1614244292
434 1578 61 1.8 1639665035
398 1189 40 4.0 1590347913
589 1643 61 3.8 1705390138
482 1742 34 5.0 1698030447
187 1259 40 1.5 1701882699
79 1656 49 2.0 1679382807
334 1423 47 4.7 1723624030
187 1698 27 2.7 1677311779
601 1848 28 3.2 1733729340
356 1827 44 4.4 1619144084
19 1467 39 1.6 1596213382
578 1234 46 4.3 1720705889
73 1489 28 2.7 1702887034
365 1742 27 2.5 1679395497
234 1643 42 1.4 1702455204
31 1848 52 2.6 1597908444
398 1612 53 3.0 1714961571
117 1234 38 2.7 1645885276
128 1578 53 2.0 1678217661
15 1578 46 1.5 1581548045
378 1512 61 2.2 1653201625
94 1534 40 1.1 1646657553
26 1378 49 4.3 1672889197
634 1634 47 2.5 1687261427
376 1309 36 3.4 1627443491
378 1489 53 3.3 1613124720
376 1534 46 3.1 1657059351
389 1634 55 1.2 1586452768
445 1156 29 2.6 1619350015
378 1298 52 2.6 1675353566
467 1489 40 2.2 1618826667
589 1234 27 2.2 1618675316
8 1203 39 1.4 1712371413
501 1467 36 1.6 1671462669
467 1234 42 3.0 1673186780
434 1556 42 3.7 1658038684
234 1719 52 1.4 1642537205
467 1827 34 4.1 1657481881
467 1656 53 3.1 1588839773
128 1156 42 3.9 1672884456
356 1534 40 1.7 1618436303
26 1445 55 1.5 1676069441
73 1869 55 2.7 1650039130
278 1259 41 1.9 1638364669
94 1428 53 2.3 1616185809
156 1827 46 4.8 1716745069
612 1078 44 1.4 1592688990
234 1467 61 4.0 1726970471
467 1214 61 1.6 1731211159
501 1298 38 3.8 1733777470
523 1634 55 3.7 1626763390
501 1203 36 3.8 1590736620
578 1763 30 1.1 1723209490
198 1403 46 3.5 1590870919
23 1089 28 3.8 1597042374
467 1827 52 4.9 1683269617
467 1634 42 3.9 1596865009
445 1156 42 4.7 1712336502
278 1534 53 3.9 1620367433
601 1742 40 2.3 1638712509
79 1489 36 4.6 1630110638
482 1214 44 2.7 1675910228
445 1556 55 1.2 1704452464
157 1534 42 1.3 1658015883
92 1612 55 2.2 1677192861
81 1234 29 3.5 1605793818
26 1234 48 2.6 1693076459
445 1612 61 1.0 1584954599
456 1827 41 3.9 1701857482
489 1403 44 3.0 1723572854
443 1719 46 4.6 1697826453
334 1534 40 3.6 1698950746
79 1719 52 3.1 1659286924
376 1203 30 1.1 1684733843
103 1612 40 3.2 1623939752
612 1189 28 1.1 1587841094
501 1869 36 4.7 1706391253
81 1534 32 4.6 1641434405
389 1214 34 1.6 1716810303
81 1234 53 4.6 1593984577
31 1259 47 4.9 1704253682
31 1234 47 3.4 1708220841
94 1428 52 3.5 1633988785
23 1869 44 3.8 1646496635
601 1742 39 4.5 1583107827
278 1698 27 1.2 1631188565
325 1378 27 2.1 1686774334
19 1578 47 2.5 1589565056
391 1214 27 3.1 1589127856
117 1403 47 4.3 1663694571
365 1869 36 4.2 1651289684
23 1167 42 3.6 1691725677
325 1378 38 1.3 1662553926
117 1298 32 4.1 1699636319
187 1678 46 3.5 1730725574
378 1309 27 4.5 1717402967
157 1403 42 2.5 1638554331
267 1742 53 3.6 1614050866
81 1301 48 3.0 1694665833
501 1089 27 1.2 1644602334
267 1534 49 3.3 1718162297
523 1234 28 4.0 1616308643
103 1167 44 2.3 1696888983
73 1284 52 2.2 1641860483
349 1403 47 2.7 1726540556
8 1234 43 2.6 1634484899
378 1742 53 2.5 1578630072
402 1089 42 1.9 1638239391
334 1403 27 1.2 1629504634
578 1298 52 2.6 1592817676
547 1534 38 4.3 1582404424
157 1678 44 4.0 1648177464
23 1719 54 4.7 1696655056
402 1512 53 1.4 1688841483
103 1698 61 3.4 1590706927
482 1869 48 2.6 1663664179
482 1156 55 1.8 1727372530
612 1578 52 1.9 1605016214
601 1203 61 1.9 1580979484
378 1643 32 4.9 1706975732
601 1719 29 2.7 1652920763
467 1259 54 2.3 1607107106
92 1214 42 2.6 1577854327
94 1512 28 4.6 1593621944
365 1556 30 4.4 1712011481
356 1301 41 3.1 1583211079
365 1976 54 4.8 1712635264
92 1203 43 4.3 1731889262
489 1719 55 3.2 1724498802
402 1742 32 1.3 1625049367
402 1719 53 3.6 1728656498
81 1643 32 1.1 1634106282
634 1698 29 1.5 1632938906
578 1403 44 2.9 1704836190
443 1467 40 1.2 1609152890
547 1423 40 2.6 1732484289
376 1214 27 3.5 1654686467
443 1203 29 2.2 1645983053
117 1214 34 3.2 1587779416
128 1167 27 3.1 1667688418
467 1378 38 4.0 1704450693
81 1742 27 3.2 1599232460
612 1489 46 1.7 1719420071
589 1467 41 4.1 1663199605
376 1309 47 2.6 1733400565
445 1423 44 2.1 1693873999
103 1214 32 1.6 1616191506
26 1309 55 3.7 1686882748
612 1203 53 1.2 1593988728
157 1203 40 3.5 1694005626
334 1678 49 4.5 1681889667
19 1259 28 2.2 1715150697
325 1214 29 3.6 1730088865
402 1489 42 4.9 1667691437
402 1423 39 1.7 1707861164
23 1634 38 4.4 1616480514
356 1214 40 3.1 1591096097
187 1378 27 3.3 1591527051
356 1156 54 3.5 1583893875
478 1189 43 3.7 1689743450
467 1378 27 2.6 1638788132
547 1403 54 2.3 1620788048
92 1719 39 3.2 1682534571
94 1156 42 4.1 1695229892
402 1156 41 2.6 1630498466
26 1534 55 3.0 1683700869
501 1869 48 2.1 1589943333
128 1189 55 4.4 1730454004
334 1309 40 1.5 1658972653
278 1784 54 2.7 1597350620
8 1378 36 2.9 1716881682
278 1763 30 3.9 1695756110
434 1309 34 3.6 1678251072
267 1259 32 5.0 1639806010
547 1534 54 1.0 1723909710
234 1869 36 2.4 1734731933
467 1214 42 1.4 1612313527
445 1534 44 3.4 1618287821
402 1214 47 3.8 1727018226
467 1578 29 3.1 1684396732
634 1428 46 3.1 1597442270
103 1742 28 4.9 1718720061
456 1612 41 1.3 1607549550
349 1806 27 2.0 1727279048
79 1284 28 1.8 1694423457
378 1806 30 1.3 1636070846
198 1078 32 4.0 1712014692
547 1423 29 3.8 1638868994
156 1534 61 3.1 1661834827
157 1634 53 1.8 1595059462
15 1089 54 3.7 1634497496
73 1806 39 4.2 1625522399
73 1698 49 2.0 1590297345
478 1259 47 3.3 1716280771
589 1423 39 3.8 1733931085
456 1763 41 3.9 1668931543
601 1719 44 4.1 1709668169
19 1578 34 3.4 1669527735
157 1423 36 3.7 1666561411
391 1259 47 4.1 1706612559
278 1301 39 4.6 1620341633
376 1214 36 4.8 1591095150
94 1698 34 4.0 1694980539
92 1428 27 4.6 1667255956
94 1089 49 4.5 1583288500
8 1489 61 4.1 1707553908
23 1378 34 3.6 1586563012
198 1634 43 2.0 1581260678
467 1719 40 2.7 1596446590
365 1301 52 1.5 1617226500
578 1698 48 2.8 1608392413
23 1167 52 1.9 1656822826
601 1298 29 4.3 1626391017
365 1976 54 1.6 1597986051
402 1445 46 3.1 1599339425
601 1284 48 1.5 1596349322
128 1827 27 1.3 1610650593
8 1467 44 2.4 1710058419
92 1578 42 4.2 1596257561
73 1284 49 3.6 1698333041
482 1378 43 3.6 1659781749
117 1827 43 1.3 1674772675
117 1512 53 2.9 1662687195
601 1719 38 2.6 1595454138
356 1203 61 4.7 1728284055
601 1763 55 1.4 1578601806
523 1234 28 2.6 1617630797
26 1719 27 3.6 1675750150
26 1612 52 2.9 1680108239
349 1578 43 4.0 1735196230
365 1489 52 3.8 1589007570
456 1301 49 4.4 1731913767
81 1634 34 3.1 1730299038
92 1784 46 1.3 1719810159
92 1234 44 4.7 1715225162
523 1259 53 3.0 1694502805
578 1234 52 3.9 1703410773
19 1284 53 2.9 1718450699
482 1156 54 4.5 1582123545
376 1534 53 3.6 1700239018
26 1259 40 3.7 1710330725
589 1467 52 3.3 1599679307
15 1976 47 2.5 1632704175
31 1763 43 4.0 1594132425
501 1403 54 3.7 1632412700
467 1089 28 3.2 1707833111
92 1827 54 4.7 1689805781
117 1742 52 3.8 1612393301
456 1719 39 4.2 1734255856
278 1189 39 1.9 1718640937
117 1742 34 3.0 1723123012
198 1489 39 3.9 1728342726
489 1848 34 2.2 1624307556
117 1301 32 4.8 1609777482
198 1719 28 2.3 1684481515
325 1578 53 3.8 1624977677
8 1189 38 2.4 1611848807
365 1869 43 2.6 1685771067
156 1612 28 4.7 1633694193
94 1578 61 4.8 1733414313
73 1078 39 1.2 1670983813
634 1214 40 1.3 1661723937
23 1534 47 1.8 1724862699
589 1656 41 3.6 1723376854
482 1301 38 3.9 1617818855
482 1298 40 1.0 1617542936
94 1763 46 4.3 1645651282
15 1806 41 2.9 1707436985
443 1534 46 2.7 1634871537
26 1869 55 4.8 1698245219
187 1678 48 2.6 1665496657
402 1089 55 2.1 1696214273
81 1284 32 2.6 1678141134
398 1445 53 2.1 1712903959
478 1423 39 3.7 1616656226
434 1827 32 2.7 1617513698
8 1423 30 2.8 1621033534
378 1578 32 3.2 1668819684
523 1089 40 3.4 1687111640
467 1156 55 4.6 1681780297
334 1719 40 1.3 1613521237
8 1378 54 4.3 1636629850
456 1556 47 2.9 1638319150
334 1806 32 2.4 1607219051
94 1234 48 4.1 1671757642
234 1698 27 4.7 1583440431
612 1578 55 1.5 1685286050
467 1976 38 2.4 1724209544
15 1378 29 3.9 1674351879
365 1612 36 1.4 1718223679
365 1428 61 4.0 1642864382
443 1214 42 3.8 1667580654
378 1489 53 1.5 1666041455
482 1534 42 2.9 1687074119
278 1259 36 4.3 1679239189
445 1309 30 2.0 1616041904
73 1378 36 2.3 1718953952
402 1634 29 1.5 1675756748
601 1423 29 2.8 1656135884
128 1301 53 1.8 1582457322
578 1578 40 3.3 1627845141
601 1189 53 4.1 1705891872
8 1643 52 4.0 1681043233
443 1612 39 3.1 1696290323
349 1976 42 1.3 1602101475
389 1403 27 2.1 1644590625
23 1301 28 2.2 1690620215
157 1556 53 1.1 1628304536
128 1298 42 3.0 1702814335
23 1556 52 1.3 1722435417
467 1869 40 1.5 1628750761
234 1259 38 1.3 1662265361
81 1167 32 3.9 1676188468
434 1189 29 2.5 1710935704
267 1089 39 4.0 1628751085
378 1403 47 4.0 1617991322
26 1259 27 4.2 1648237174
634 1378 47 1.7 1712162388
15 1643 61 2.3 1625294771
547 1643 27 1.7 1640367260
445 1512 44 2.2 1616647815
23 1678 54 2.1 1646767047
389 1234 27 1.2 1682058939
523 1698 28 2.9 1717234453
376 1301 32 4.3 1666372187
612 1423 53 4.2 1691066436
501 1301 46 3.4 1658653966
94 1784 38 1.5 1726949757
467 1763 41 2.4 1730580832
103 1848 43 1.9 1635285073
482 1763 42 3.0 1696399802
15 1189 53 2.7 1634070160
19 1259 40 3.9 1729131141
589 1512 47 1.2 1700185922
478 1203 27 4.7 1579674737
612 1259 48 3.8 1685577642
456 1403 53 4.6 1670406437
81 1301 40 2.8 1726702210
278 1698 27 1.7 1732025759
157 1203 29 4.6 1612055726
81 1089 36 3.1 1649139829
23 1189 34 4.9 1713318064
26 1643 43 3.3 1683833644
467 1643 39 2.4 1719777931
467 1656 52 4.8 1692917705
456 1763 41 4.3 1692200565
8 1534 40 2.4 1604895082
489 1428 43 2.7 1708952496
81 1156 29 3.0 1597593055
26 1284 34 4.1 1729912071
478 1309 29 4.0 1620515272
489 1719 27 1.1 1722641437
589 1976 32 4.9 1731140617
523 1678 34 2.1 1673618189
634 1512 46 3.4 1625348097
8 1445 34 1.3 1717450439
234 1976 61 3.5 1704451502
547 1489 44 4.6 1617520880
325 1156 38 2.5 1616269405
434 1763 52 2.2 1655875837
156 1784 53 1.4 1613761345
365 1203 46 2.2 1719952279
467 1403 34 1.6 1714237189
278 1634 28 1.1 1590326060
434 1827 54 1.6 1657870180
398 1203 29 2.3 1722906671
103 1467 44 5.0 1620342642
31 1167 36 4.6 1705054386
389 1156 48 2.1 1589981790
443 1827 54 1.3 1648269332
278 1298 46 4.4 1679828963
325 1634 40 2.5 1721091275
73 1848 52 1.8 1696003665
456 1742 55 3.7 1674060305
482 1976 53 4.9 1626651297
157 1656 34 3.4 1662176801
73 1578 36 2.4 1712038450
402 1214 30 4.0 1625714419
31 1827 39 4.2 1708097263
634 1827 27 3.1 1678642030
443 1423 61 3.5 1651306249
8 1378 30 3.5 1581660213
501 1806 32 2.5 1636665741
128 1189 41 2.1 1646397571
8 1976 53 3.0 1633924785
445 1489 29 3.1 1671444498
612 1378 44 4.1 1727600111
187 1428 30 2.1 1701879974
117 1284 27 4.6 1663718170
389 1428 42 3.5 1589364824
81 1445 47 1.6 1602867577
578 1612 29 3.9 1614784109
103 1214 48 2.1 1729246722
391 1284 32 1.9 1692342273
15 1869 53 2.4 1618697270
376 1078 42 4.6 1673021528
456 1763 47 4.0 1623468061
156 1848 46 3.6 1578948065
365 1763 52 3.2 1642188096
365 1445 39 2.9 1719776351
23 1234 27 1.0 1613878577
117 1214 61 2.1 1630084400
402 1445 40 4.2 1693999377
187 1284 53 1.9 1583084362
267 1234 48 4.2 1705119646
8 1612 47 4.0 1609501794
445 1167 39 3.6 1656562074
612 1467 44 1.5 1684953850
391 1428 36 4.8 1611059278
523 1556 53 4.0 1621421734
378 1445 38 1.2 1633837051
156 1512 53 4.0 1662119385
334 1298 52 3.6 1643306377
8 1156 47 3.2 1585702830
103 1309 46 3.8 1615286309
15 1078 52 4.9 1648615465
334 1423 61 4.3 1672378000
31 1259 38 1.4 1678547060
79 1643 44 1.3 1619674386
325 1378 52 4.5 1620430945
356 1848 49 2.6 1660607331
478 1806 38 3.1 1712071974
634 1428 34 4.5 1656826201
198 1489 53 1.8 1582341818
547 1556 38 1.1 1658155444
8 1467 53 4.4 1661709134
356 1489 34 1.5 1679673092
434 1214 44 3.1 1691605867
391 1403 34 4.1 1629532502
391 1578 61 1.6 1688344487
634 1378 43 4.6 1619334005
187 1698 53 4.7 1584515590
94 1698 61 3.2 1622971911
547 1763 30 3.7 1579802518
523 1806 27 4.0 1679836143
501 1284 28 2.2 1654863752
634 1656 32 4.4 1649793391
356 1869 42 3.4 1599081587
523 1309 39 4.6 1733182097
445 1203 42 1.7 1629494119
482 1234 53 3.1 1626391177
267 1167 40 1.0 1686747987
94 1259 44 2.3 1640286144
19 1467 55 2.3 1679224902
73 1698 53 3.7 1701758165
198 1869 52 2.5 1578380786
443 1806 52 2.2 1656918267
157 1259 39 4.4 1605161149
157 1298 52 2.6 1616513231
356 1678 27 3.9 1666060657
15 1428 47 4.7 1656202302
26 1848 34 1.4 1723114366
23 1742 47 3.0 1670174678
391 1534 54 1.7 1666371891
92 1234 34 4.7 1704466142
128 1309 47 4.1 1709881187
389 1489 49 1.3 1638432708
73 1534 61 4.7 1702805802
467 1512 29 3.6 1668639400
467 1378 34 4.3 1664406196
434 1467 52 3.9 1605466430
402 1189 34 4.2 1583555626
467 1578 44 4.7 1732648388
156 1234 61 4.7 1612348685
31 1403 54 3.2 1619959394
391 1869 48 5.0 1635775864
234 1534 55 2.3 1637340783
478 1827 42 1.8 1716286528
94 1445 43 4.3 1703871108
365 1189 38 1.5 1685784823
376 1869 32 1.6 1733959725
456 1719 38 2.6 1634414108
103 1259 44 2.7 1642519400
15 1634 52 1.7 1604765034
376 1167 48 2.2 1579147240
128 1643 27 3.6 1581276737
73 1167 54 3.0 1649675421
92 1378 36 3.8 1717494372
334 1298 40 2.3 1639827428
198 1556 52 3.0 1692693097
8 1298 40 2.1 1661059791
278 1827 48 2.8 1635841072
8 1234 43 3.9 1584986115
547 1742 52 4.8 1637809657
156 1467 29 4.6 1623189720
378 1423 39 5.0 1712426958
8 1742 55 4.9 1719569660
478 1489 40 2.0 1728069332
456 1298 28 3.5 1669209844
94 1423 53 2.6 1597540892
634 1467 44 4.1 1591455895
157 1423 55 4.7 1674134660
402 1301 52 1.7 1601428999
94 1167 52 2.5 1691952694
23 1423 34 4.8 1586592879
501 1869 48 2.6 1721469252
501 1428 27 2.0 1718672882
478 1678 27 1.3 1731533414
73 1284 47 4.3 1719756083
365 1189 42 3.3 1600098075
198 1189 40 2.7 1637216446
103 1189 46 3.7 1629945986
156 1214 42 2.1 1652288247
391 1869 30 3.9 1687803851
434 1156 42 1.7 1698826935
589 1742 36 1.1 1639715284
443 1445 53 5.0 1589775527
612 1167 61 3.2 1628972285
31 1556 29 1.9 1602542068
443 1078 30 3.0 1708160977
389 1763 53 2.7 1657102545
156 1189 41 1.2 1680229297
325 1298 32 2.3 1584524409
489 1869 55 2.0 1653521912
15 1742 34 4.8 1636496447
81 1445 55 2.9 1670102653
467 1078 61 1.9 1634126657
445 1869 49 3.6 1682655321
589 1719 39 3.8 1632492316
523 1719 55 1.1 1685595850
73 1827 32 3.2 1650291805
456 1698 34 3.3 1620358976
15 1869 49 2.9 1609925976
547 1742 40 2.7 1681079481
601 1976 42 3.3 1641933214
378 1089 29 4.2 1601504473
402 1556 27 1.4 1687968699
589 1489 53 3.4 1675261850
81 1403 48 3.7 1612699225
398 1512 52 1.8 1634379142
15 1378 36 4.0 1603752341
402 1214 54 3.1 1719273229
434 1234 36 2.2 1671304773
376 1423 28 4.3 1684104047
187 1656 38 4.3 1645175519
15 1698 54 4.0 1625679234
8 1656 44 3.5 1614433082
443 1403 40 2.5 1733204558
467 1259 61 2.8 1648159542
23 1719 41 2.1 1627683727
23 1156 49 3.6 1632710867
15 1301 38 2.9 1680864519
389 1827 32 2.9 1655414688
434 1378 52 4.2 1686110403
103 1378 61 3.5 1659509589
94 1423 42 2.1 1691859939
23 1827 52 4.6 1596946431
278 1378 53 4.5 1701355387
278 1428 52 2.0 1585276167
467 1467 38 1.0 1618227067
365 1167 32 1.6 1626089952
23 1806 32 1.7 1616546966
94 1234 38 1.3 1628672677
389 1534 48 2.4 1661867702
334 1156 61 2.1 1610728266
334 1719 44 3.2 1726625517
612 1869 52 1.8 1615213946
8 1806 49 3.7 1661694695
23 1156 53 2.0 1661292536
589 1298 55 4.2 1597324021
365 1403 47 4.0 1666605056
278 1719 52 3.8 1589100150
467 1301 27 1.6 1636663926
391 1189 39 4.5 1703566440
267 1534 53 4.5 1601495967
443 1078 52 3.7 1722109995
578 1656 61 2.2 1674977644
456 1301 40 4.5 1617546263
578 1309 32 1.2 1689808666
81 1698 54 1.0 1696801421
198 1309 28 4.3 1705219086
156 1378 52 3.3 1598549528
356 1827 29 4.4 1650554557
523 1214 32 3.9 1667433938
234 1512 52 5.0 1593346812
634 1534 28 3.5 1727634521
92 1284 48 3.4 1581740272
81 1719 32 4.6 1609170886
23 1156 39 1.0 1682457200
8 1578 48 3.4 1629951483
334 1445 46 1.1 1722550204
391 1423 43 2.1 1591277623
601 1869 38 4.0 1734896398
23 1403 52 3.5 1687450267
79 1089 36 3.8 1673097464
156 1214 61 1.1 1706634677
334 1534 52 3.8 1730084334
23 1156 49 3.7 1665098689
434 1089 48 2.1 1604294642
92 1578 41 3.4 1679371297
456 1089 55 4.1 1702492150
389 1467 36 1.6 1594748630
26 1189 52 4.8 1619006421
94 1489 49 4.9 1585629459
578 1763 42 3.1 1644915935
15 1634 53 1.4 1731975519
376 1869 54 1.1 1699102408
267 1234 53 1.2 1628555721
267 1489 52 2.3 1657438907
31 1612 61 4.7 1616527942
634 1848 27 1.8 1665048495
92 1189 46 1.2 1634633337
128 1678 43 1.4 1617983736
156 1428 28 2.1 1620113047
445 1298 52 4.6 1618377231
267 1284 49 1.3 1584552464
402 1784 34 2.5 1734484422
456 1578 46 2.6 1604487991
523 1378 42 3.5 1671394194
94 1089 44 2.1 1608551910
478 1976 52 1.7 1625264979
128 1556 40 1.4 1616613006
267 1784 52 3.1 1712127974
157 1698 39 3.6 1597854564
402 1403 53 3.0 1590493223
467 1869 47 2.6 1579954133
365 1556 41 3.7 1633038933
79 1869 34 1.4 1728760437
198 1534 29 3.7 1658275947
612 1089 53 2.4 1734786877
467 1489 52 2.5 1674203981
31 1203 32 5.0 1675761759
612 1719 47 3.3 1635847717
198 1806 36 4.3 1682220528
456 1534 54 1.1 1648014331
356 1643 52 4.9 1719919508
434 1827 49 1.6 1610155516
634 1259 52 2.2 1657800791
31 1556 48 3.0 1606645404
157 1742 61 4.3 1686427346
589 1298 40 1.3 1591088930
467 1634 43 2.0 1724827371
15 1259 41 2.3 1720561653
589 1784 42 1.4 1644406880
19 1189 40 4.5 1645710547
128 1534 39 4.6 1659903738
334 1423 49 3.8 1683896430
81 1189 36 2.1 1703172500
612 1445 52 2.5 1617856025
482 1763 47 2.4 1679527305
8 1678 54 3.6 1645164380
398 1189 38 4.1 1681668896
578 1214 39 1.2 1677645410
128 1612 48 3.2 1703763767
31 1259 61 4.9 1699637148
73 1556 47 3.4 1578085156
73 1203 30 2.2 1711769153
156 1284 30 3.6 1700680812
478 1259 41 4.0 1730980893
31 1848 32 1.5 1626820241
467 1512 39 3.0 1692165384
634 1612 54 1.7 1675697672
79 1309 61 4.2 1591187243
92 1259 29 2.5 1725092840
501 1763 40 2.0 1704074499
198 1489 52 1.5 1730991222
157 1634 47 1.4 1607789735
612 1719 27 2.1 1723943524
267 1378 27 2.5 1677811067
612 1489 34 2.3 1594931559
94 1467 28 1.9 1698610384
398 1848 53 3.1 1588956232
445 1827 53 2.4 1639913341
234 1763 34 4.7 1654270698
81 1634 28 3.8 1590150028
489 1656 52 3.0 1685564528
482 1656 32 3.4 1697663662
634 1634 34 4.4 1735573270
489 1089 34 3.0 1648534916
15 1612 27 4.7 1583106729
23 1378 47 2.0 1580851181
601 1848 43 2.5 1699466920
467 1259 49 3.1 1645004429
198 1742 28 2.0 1665465408
128 1848 46 3.6 1727616378
391 1534 42 4.0 1680301894
103 1298 39 3.4 1604291627
157 1578 42 3.9 1713663910
365 1719 34 4.4 1671283294
547 1423 30 3.0 1687112010
117 1634 49 2.2 1706129109
482 1578 32 1.7 1706342450
94 1378 61 4.9 1578821293
349 1403 32 4.4 1653742154
73 1976 53 1.5 1690830301
612 1534 41 3.0 1692686438
523 1234 46 3.3 1694729238
128 1827 49 1.4 1650935248
391 1869 55 1.9 1670212457
612 1156 38 2.4 1655628701
94 1378 39 1.1 1664076699
501 1156 52 3.2 1710072061
489 1976 28 1.3 1675966439
15 1534 52 1.8 1582666937
612 1298 42 3.9 1696210135
501 1827 48 1.2 1699431477
612 1869 34 2.3 1674279575
92 1534 34 3.6 1605363008
92 1284 28 1.6 1669456909
26 1203 48 1.1 1630283760
445 1378 54 1.5 1704363607
117 1806 61 2.7 1685645553
378 1156 34 3.7 1626216860
601 1742 32 2.8 1624412348
73 1612 55 2.6 1712766264
456 1784 53 4.2 1613781255
402 1612 49 3.7 1713782295
19 1234 39 2.2 1711646023
157 1578 39 2.3 1617154273
128 1698 46 1.8 1728724311
92 1445 27 3.9 1724449881
391 1612 38 1.9 1661732281
365 1156 40 2.1 1626624901
378 1556 28 3.2 1584657983
157 1089 38 1.5 1705186572
547 1556 44 2.1 1619496379
198 1403 55 2.9 1618388901
489 1298 61 1.1 1596236940
15 1403 41 4.7 1580834609
402 1298 53 1.5 1713679446
612 1167 34 1.9 1698708045
267 1234 42 1.7 1648611137
443 1534 36 3.4 1725428051
128 1298 41 4.3 1584573623
94 1848 38 4.9 1648069828
31 1784 46 4.2 1584683924
467 1284 53 4.0 1602656461
456 1763 27 4.9 1664090337
501 1378 34 1.8 1688344754
128 1259 61 2.3 1699943202
634 1298 53 4.7 1619986685
156 1656 61 4.8 1629828761
128 1467 48 1.4 1713779879
456 1301 46 2.8 1649917645
467 1827 36 2.0 1689664992
601 1403 29 3.0 1659058127
81 1301 28 4.4 1602841150
19 1698 55 2.9 1718325234
589 1742 41 2.1 1711006332
376 1869 36 1.3 1608209447
612 1298 52 2.1 1610025968
578 1742 54 1.5 1673366647
81 1156 39 1.2 1733211498
349 1806 49 3.2 1720832229
434 1189 44 3.4 1658122662
81 1534 52 1.6 1708126557
443 1556 44 4.5 1639731009
8 1259 27 4.0 1664246319
482 1578 32 1.9 1727545143
443 1612 39 2.5 1668803444
589 1378 53 3.6 1663957641
8 1156 39 4.7 1665709211
376 1284 52 2.8 1643824058
356 1078 54 2.5 1625933353
547 1189 34 2.5 1584096425
612 1742 42 1.5 1612306112
601 1763 54 3.0 1614282730
589 1167 61 1.5 1613791572
434 1301 54 2.9 1681799225
349 1089 47 3.3 1592763746
434 1698 52 2.4 1589478038
482 1445 54 2.3 1634630422
31 1214 49 3.6 1602989338
92 1678 42 4.2 1609704326
612 1869 52 1.1 1699184079
198 1763 46 1.6 1675263459
103 1556 30 2.8 1634160274
26 1556 54 2.9 1595940617
601 1189 38 3.4 1621331127
365 1534 34 1.5 1714446056
578 1534 49 2.2 1589485522
19 1467 40 3.3 1730436346
94 1489 30 2.6 1671525555
15 1534 42 1.3 1610275599
601 1656 44 3.5 1654226637
578 1214 29 4.9 1616557176
15 1742 53 3.6 1581884967
157 1089 48 2.4 1590568535
489 1156 46 2.0 1608577148
8 1556 53 2.9 1660873940
456 1423 28 2.7 1694973713
376 1612 52 3.6 1687953365
523 1089 41 3.8 1704359834
489 1189 27 2.2 1711542324
267 1259 52 1.9 1690321350
489 1298 32 2.8 1649366849
365 1698 38 2.5 1610544347
15 1445 52 2.1 1641855908
94 1445 49 4.1 1690257997
391 1309 49 3.6 1618555028
187 1678 53 3.0 1724596528
434 1656 47 2.8 1638972489
94 1512 40 3.6 1707688144
467 1556 52 4.0 1608983525
456 1678 52 1.5 1645736407
128 1742 32 4.9 1635230349
612 1214 48 3.7 1691340369
187 1869 28 4.6 1597048523
467 1869 40 2.5 1632121412
26 1489 27 4.4 1717637415
489 1512 61 3.0 1600630848
478 1259 40 1.5 1704324813
117 1784 36 2.1 1722827327
19 1578 36 4.1 1600253870
349 1214 30 2.8 1730803808
79 1534 29 3.3 1683969232
389 1869 28 4.1 1583026914
157 1678 34 2.2 1597618268
26 1763 46 2.2 1655901375
94 1784 39 1.5 1588942811
445 1298 40 4.0 1579144759
234 1428 46 4.1 1722175502
523 1309 43 3.6 1613082414
117 1234 52 2.2 1706979364
8 1089 30 2.0 1628652251
234 1556 38 3.7 1709560413
391 1534 39 3.7 1652164587
92 1512 30 2.7 1620739934
445 1827 52 2.4 1636010741
356 1742 46 4.6 1619333001
92 1534 53 2.1 1625058016
478 1301 34 3.3 1652261786
365 1534 43 4.3 1586625933
434 1378 61 3.5 1713972666
482 1643 41 3.7 1638928692
378 1403 34 1.5 1710627492
73 1806 54 4.0 1673593507
8 1403 44 4.9 1594735967
601 1556 44 1.9 1735068562
547 1556 53 4.3 1633697755
489 1719 43 1.3 1730353241
81 1612 30 1.7 1635724598
467 1976 29 4.9 1732286187
128 1489 29 4.7 1657682606
73 1203 36 2.5 1695557594
578 1214 46 3.0 1607655336
267 1284 55 4.5 1606437029
15 1156 36 3.0 1611663109
267 1309 29 1.2 1672895080
278 1167 53 1.7 1717254021
156 1089 39 2.4 1645900718
365 1678 61 1.2 1636227740
128 1719 44 1.8 1731204896
589 1309 30 2.1 1677718686
23 1078 38 2.6 1619678159
234 1806 54 2.1 1619554213
349 1489 48 2.0 1703841827
523 1428 39 1.0 1718103833
389 1489 30 4.5 1734698164
398 1763 53 2.5 1734497706
79 1428 48 3.5 1677837331
81 1259 53 4.9 1610846013
365 1309 34 1.5 1732844110
634 1445 52 2.9 1591264608
467 1719 40 4.0 1635993459
356 1643 27 3.2 1678396419
31 1643 28 5.0 1674734182
187 1806 38 2.2 1709150871
198 1643 53 4.2 1619284674
267 1378 52 1.7 1616533599
601 1467 53 4.7 1605626480
73 1534 47 2.4 1706513157
467 1378 41 1.3 1635270069
23 1656 38 3.1 1732251523
26 1301 48 1.9 1632534720
578 1259 48 3.1 1587523924
19 1656 29 4.6 1669359539
482 1428 32 3.9 1591451211
103 1445 54 4.0 1660702895
398 1578 42 3.9 1590870372
601 1698 43 2.9 1585869664
26 1214 28 3.9 1677831334
117 1784 44 1.5 1669935330
612 1742 41 2.7 1716704439
578 1512 61 1.8 1663056697
378 1848 34 4.6 1730851141
15 1719 46 1.7 1632908594
402 1298 42 3.9 1654849624
467 1556 44 4.4 1673896085
73 1403 52 4.5 1586638829
612 1512 47 1.4 1685945185
349 1612 27 4.8 1595907524
23 1309 36 4.3 1614937415
19 1378 55 4.0 1669641794
402 1827 38 1.2 1674281403
79 1214 46 2.9 1650066585
376 1298 53 4.6 1684336033
601 1612 39 4.2 1626080635
389 1309 44 5.0 1694216491
278 1869 36 1.6 1578839891
19 1634 29 1.4 1684520021
8 1634 49 4.1 1687079317
349 1634 54 1.5 1661733130
349 1806 29 2.9 1731879315
482 1869 52 2.8 1701100644
612 1848 49 3.2 1726070762
376 1612 29 4.0 1735196148
79 1489 54 4.2 1705178756
634 1556 49 1.8 1599627936
402 1167 38 4.4 1587920984
456 1234 40 3.7 1586571069
389 1578 53 1.9 1649323885
234 1301 30 2.8 1705138948
234 1556 55 3.7 1637630118
73 1423 53 1.7 1722538254
356 1656 52 3.3 1703219660
334 1578 34 1.6 1636945723
482 1578 32 2.9 1670094265
456 1234 54 4.9 1666755728
356 1698 52 1.6 1625550843
73 1489 53 2.5 1592779558
601 1976 53 2.9 1648975767
478 1827 55 4.2 1698223301
443 1869 52 2.2 1657322508
523 1556 32 1.7 1731464300
334 1423 38 3.0 1677171464
157 1869 42 4.6 1700465277
478 1189 38 4.8 1599698078
103 1298 32 4.1 1733650226
612 1301 38 4.0 1621076694
26 1869 61 2.9 1620105597
434 1189 55 2.6 1724395940
482 1784 47 2.5 1655949191
8 1656 42 3.5 1694609145
19 1556 48 1.1 1635151797
365 1678 46 4.7 1600130336
445 1976 55 1.6 1641748139
92 1234 53 5.0 1651116244
73 1298 48 4.3 1630526774
398 1827 34 3.3 1670702283
391 1259 34 3.1 1613897340
634 1869 52 2.1 1604102951
8 1403 41 1.5 1621659049
443 1848 27 2.0 1708178356
523 1869 40 1.3 1628708092
94 1167 43 3.3 1622432161
523 1167 52 3.9 1584129707
376 1698 40 4.5 1604166155
443 1512 34 4.3 1701399513
456 1309 38 2.3 1729983129
612 1848 38 3.9 1670548562
589 1203 39 3.6 1625278104
402 1976 53 3.2 1594026279
547 1848 52 4.3 1661069190
467 1976 28 2.3 1716793369
198 1512 61 2.9 1718414804
601 1259 40 1.2 1680314002
19 1234 38 4.6 1598971684
612 1643 41 4.3 1709585291
31 1612 52 1.3 1672555240
94 1403 48 3.4 1647514435
578 1763 55 1.3 1688204835
398 1976 41 3.6 1620224643
601 1698 40 1.8 1663475425
445 1189 43 1.5 1655767722
94 1784 39 3.3 1703650416
378 1612 47 3.7 1620589741
467 1445 39 4.9 1621781399
612 1578 47 3.2 1652836191
402 1298 53 4.1 1615524639
501 1534 32 2.8 1600781991
8 1512 36 2.8 1682808078
378 1556 46 4.1 1732523191
73 1578 44 4.9 1707833529
325 1467 41 2.1 1619252750
365 1301 41 2.2 1701632771
31 1234 49 1.4 1644236623
81 1167 41 2.9 1633568484
356 1214 52 1.4 1608924900
157 1203 44 4.2 1582011910
278 1403 39 2.6 1669234317
482 1234 40 4.8 1615219125
478 1467 55 3.3 1585207692
26 1869 52 3.8 1628448875
482 1467 29 4.8 1588629504
443 1089 41 2.3 1578102585
278 1423 53 1.1 1608700396
278 1848 28 3.5 1697315488
8 1301 55 1.9 1721870519
634 1869 29 3.2 1626481375
278 1189 53 2.4 1629663052
589 1078 38 2.5 1668386474
547 1428 49 1.4 1678092500
547 1848 49 4.6 1703070103
103 1612 61 4.7 1641515722
234 1763 44 2.9 1664027322
634 1378 46 1.0 1607039077
73 1976 61 1.6 1601659200
378 1378 44 4.3 1663839464
15 1827 38 3.9 1670525828
391 1742 32 3.1 1609637977
198 1719 52 3.8 1596791199
443 1556 53 1.1 1616081622
589 1976 34 2.5 1660419803
456 1467 29 4.1 1721934647
612 1259 42 2.3 1584208636
612 1869 30 2.3 1649443738
482 1742 32 3.6 1674726809
26 1534 27 2.2 1650117366
26 1784 44 4.2 1701154443
402 1643 42 3.4 1703290895
15 1869 55 2.7 1626958492
482 1656 46 3.9 1590178005
349 1259 43 4.9 1603058720
601 1827 36 4.9 1687816304
94 1634 34 4.3 1636961828
612 1234 40 3.6 1692912002
356 1403 44 2.5 1711534922
467 1284 61 4.7 1734816750
365 1634 29 1.2 1587490379
73 1869 54 3.7 1714899499
523 1234 49 2.8 1584106578
334 1423 29 2.7 1695017953
73 1848 38 3.1 1588344158
8 1656 52 3.1 1634639182
547 1167 52 4.2 1705277286
601 1976 46 2.0 1611989247
128 1423 47 3.8 1655614644
434 1189 47 3.3 1666209967
349 1763 39 4.8 1671925746
31 1428 34 2.3 1652135080
501 1309 61 4.4 1585587905
501 1534 39 2.7 1588309941
501 1612 30 3.3 1714397518
501 1378 52 1.8 1628430630
334 1489 36 3.9 1623275921
547 1806 40 2.4 1636152455
278 1378 27 3.1 1613625350
81 1298 43 1.9 1733305891
376 1203 38 1.5 1681098292
23 1301 30 2.0 1696597925
356 1698 43 4.0 1717293181
482 1189 30 3.5 1688893245
601 1259 36 4.8 1716594758
378 1534 55 3.7 1666940723
31 1784 53 3.7 1640602678
278 1428 53 2.8 1683404050
378 1827 49 1.5 1612223203
349 1534 53 3.0 1599122881
391 1634 27 4.3 1641417709
601 1167 53 3.7 1732890557
156 1467 27 1.5 1718095388
349 1763 42 4.6 1614399433
23 1827 53 4.3 1661763288
612 1467 55 2.4 1617064019
117 1259 30 1.4 1643990976
445 1078 46 2.2 1632986039
467 1078 49 4.4 1628536292
157 1719 53 4.6 1595114558
325 1578 52 3.8 1712682090
103 1784 36 3.4 1585807105
389 1078 27 1.3 1718656331
8 1489 55 2.4 1663104726
198 1656 52 2.9 1656130501
389 1698 53 4.9 1665007877
8 1214 49 1.2 1581838641
467 1534 55 1.4 1680806182
234 1806 49 3.7 1718435134
402 1784 47 3.8 1733470103
117 1403 28 4.5 1729056831
79 1848 43 1.3 1592795614
325 1806 39 4.9 1685364765
94 1309 39 3.6 1615010912
267 1634 41 2.7 1671962623
94 1742 54 1.2 1631089590
398 1578 53 1.1 1587680504
389 1634 53 3.6 1580371063
278 1234 44 3.5 1733162341
589 1214 47 1.4 1729397388
376 1634 38 1.4 1642739316
523 1423 55 1.1 1593628287
349 1309 36 2.5 1720181036
547 1784 28 2.9 1665855232
23 1234 53 4.6 1646617699
349 1719 52 4.5 1627182738
389 1869 42 4.5 1678538856
156 1489 39 1.9 1730949440
402 1284 47 2.0 1639795979
23 1612 38 2.1 1713932145
92 1556 52 2.8 1664741369
23 1423 61 3.9 1663470744
31 1259 53 4.4 1645970736
92 1298 44 3.4 1688663009
589 1309 61 3.8 1732483963
81 1284 29 1.7 1725866207
634 1806 52 2.0 1680283660
634 1445 44 3.2 1731031699
356 1189 27 4.8 1595446386
73 1423 40 2.9 1642702145
467 1403 38 2.8 1665767340
349 1167 27 1.4 1581419023
157 1512 48 5.0 1630976287
23 1378 30 1.4 1615181615
523 1259 48 3.7 1642419403
601 1309 47 1.0 1700047800
19 1643 46 3.5 1700842134
376 1869 41 2.8 1724684218
398 1643 54 3.3 1602496443
601 1203 54 3.8 1597760336
79 1298 28 2.0 1653690513
15 1678 28 4.1 1595802551
501 1806 54 3.9 1714263117
334 1298 55 1.9 1578028052
634 1489 55 1.2 1688776148
103 1309 44 1.9 1728332249
325 1848 52 1.2 1640470965
578 1534 34 4.6 1701526566
156 1445 44 4.1 1729283656
376 1578 28 2.4 1594511989
19 1806 27 1.4 1663219117
79 1869 36 4.5 1691766251
79 1698 29 2.2 1679065487
128 1612 39 1.7 1654778445
128 1612 49 1.4 1700393918
103 1403 48 1.1 1629003144
26 1556 47 4.6 1720011165
434 1556 49 1.5 1641119128
634 1512 53 4.7 1597358650
612 1656 43 2.0 1613921256
467 1634 30 1.2 1676501319
15 1298 55 3.0 1631532475
398 1298 52 2.2 1701250179
79 1534 54 1.4 1648593346
128 1784 41 3.4 1651077778
456 1467 36 5.0 1662438330
73 1189 48 1.9 1619032750
234 1612 43 1.9 1684516222
334 1467 47 1.8 1673328427
79 1167 36 4.5 1692266038
478 1848 52 2.0 1690781412
8 1378 55 2.7 1729010296
523 1848 38 2.9 1653847057
92 1634 39 3.1 1721767757
79 1612 52 4.7 1591684794
378 1259 39 3.5 1696123883
128 1869 27 3.5 1651788129
94 1428 52 4.9 1708287755
365 1678 55 3.4 1651959999
198 1976 49 4.0 1608499086
478 1259 53 4.9 1588485468
349 1634 39 4.8 1659000509
117 1167 48 4.8 1692779752
501 1869 52 4.9 1642360886
15 1301 43 2.6 1606066565
434 1827 52 2.3 1670480055
198 1445 52 4.8 1699447399
612 1578 53 4.2 1614025431
356 1719 53 2.9 1585691379
391 1489 47 3.2 1674208990
601 1698 34 1.6 1705613578
612 1827 52 1.9 1598589815
198 1869 52 1.7 1659071857
19 1284 52 2.9 1707973556
482 1259 42 3.2 1656342686
467 1234 43 4.7 1633416381
267 1578 30 3.8 1592688897
156 1203 52 3.6 1720087070
94 1698 52 4.7 1608036703
467 1445 53 4.2 1685942904
23 1869 40 4.7 1590350771
501 1309 28 4.9 1725164862
578 1643 34 1.8 1715651528
378 1378 32 1.9 1611767446
349 1089 46 3.6 1619306345
234 1869 61 3.9 1723348664
589 1827 40 4.5 1661038318
434 1784 43 1.4 1578251391
489 1189 27 2.6 1681133160
523 1634 47 3.5 1594728044
634 1763 46 1.7 1584105656
92 1203 43 2.5 1693649844
445 1634 54 4.4 1686723908
356 1089 46 3.1 1712077405
456 1467 53 1.9 1596990193
365 1512 43 4.7 1657308145
391 1259 34 4.3 1712159369
601 1309 54 4.0 1666950822
547 1428 27 3.5 1581691123
467 1428 53 1.5 1648455469
365 1698 46 4.5 1640353904
501 1234 30 2.4 1670073346
349 1869 47 1.2 1664329532
402 1234 27 4.3 1734777794
389 1719 27 1.5 1643907674
482 1556 44 4.6 1702867924
482 1156 49 4.7 1643247395
523 1869 54 2.4 1634711944
79 1976 46 1.7 1633393369
391 1445 61 3.4 1703628151
278 1189 27 4.4 1604330469
445 1214 38 3.9 1621185363
156 1634 54 3.2 1612365366
589 1869 38 4.2 1618892292
349 1869 34 4.9 1697938906
92 1189 52 1.0 1624048697
612 1784 39 4.3 1646268356
19 1742 27 4.5 1642671463
456 1578 44 1.9 1656520510
467 1534 43 1.7 1703286983
26 1378 38 3.1 1618750015
365 1556 41 3.2 1634168540
378 1643 41 2.7 1715189329
467 1214 39 2.7 1589394655
23 1167 53 4.1 1702625070
15 1423 41 3.2 1635634497
589 1869 30 1.5 1625573929
478 1763 29 1.4 1714433499
79 1976 55 4.3 1611185451
589 1698 46 2.6 1657968986
578 1698 52 3.3 1627092734
31 1827 44 2.5 1720116528
547 1848 42 2.5 1625138854
612 1423 55 1.0 1599758379
612 1612 53 1.0 1634977607
8 1089 41 4.0 1596172549
365 1428 44 1.5 1586206987
489 1298 61 3.3 1596118347
467 1309 38 2.3 1666308304
389 1869 49 4.0 1717115879
187 1556 30 4.2 1602000201
378 1214 32 1.0 1627735474
156 1827 43 2.9 1675682740
445 1214 44 2.4 1655831000
278 1763 28 1.1 1673530708
19 1078 52 4.4 1682573512
278 1378 53 4.8 1634919170
389 1512 42 2.8 1674314086
612 1078 48 1.5 1719337768
445 1234 40 3.3 1630233849
434 1512 27 1.0 1588449633
402 1784 32 4.4 1727121789
23 1467 38 1.6 1681350073
523 1309 41 3.9 1621281377
8 1512 30 3.1 1678352126
157 1742 27 4.3 1733484741
19 1534 42 3.1 1703346606
434 1656 48 4.3 1691465323
478 1189 49 1.0 1734768760
128 1534 28 4.1 1697828701
92 1556 52 2.7 1718248756
15 1234 52 3.0 1601777817
467 1284 44 3.4 1588036584
391 1284 42 4.4 1628522120
325 1445 46 4.5 1725530861
389 1167 28 1.0 1708997518
601 1214 53 3.4 1705661002
482 1534 39 2.0 1671396963
489 1869 34 3.2 1709680499
128 1089 34 3.6 1707235953
117 1512 42 2.0 1668605612
378 1512 29 3.4 1623996634
501 1534 54 3.3 1621114815
398 1089 29 1.7 1716686717
31 1827 40 2.4 1603813611
434 1578 55 3.1 1655718545
103 1976 36 1.2 1595346261
23 1634 30 4.2 1618544898
376 1742 40 4.0 1720216111
356 1156 44 1.4 1679086561
31 1678 39 1.7 1717238586
467 1301 29 1.0 1628834873
482 1643 38 3.0 1620489560
15 1634 42 1.1 1627945048
92 1848 40 4.4 1685493574
589 1378 38 1.4 1597456709
81 1445 30 3.0 1631998664
456 1089 27 4.0 1642452417
26 1309 28 2.9 1643874600
79 1848 40 2.7 1626107535
376 1423 34 3.7 1634228898
81 1234 29 3.2 1633396304
198 1428 53 3.8 1639815382
31 1428 48 4.6 1734592055
443 1378 36 1.9 1630535790
92 1203 29 2.0 1734478077
467 1784 39 3.3 1703497994
456 1378 44 1.9 1578888400
402 1976 61 1.1 1672094744
117 1719 47 4.3 1726258134
578 1234 43 1.3 1707684018
391 1976 46 4.3 1663618248
234 1203 40 2.6 1632560453
187 1089 61 2.2 1706409694
489 1827 32 1.3 1589010211
467 1214 47 3.5 1619947615
523 1284 30 1.1 1581274990
156 1634 44 2.9 1578217724
501 1298 39 3.3 1588008149
434 1214 40 2.5 1675579422
443 1167 53 1.4 1663786441
73 1203 40 2.7 1635991873
8 1214 30 2.2 1589695267
489 1298 27 3.7 1729708829
26 1656 47 4.8 1716574391
402 1784 29 4.3 1689754730
157 1806 41 3.0 1634624219
157 1467 48 1.5 1647800707
103 1742 53 3.5 1653930920
334 1534 42 3.6 1729353970
278 1534 39 1.6 1631199064
94 1806 53 3.5 1714435997
156 1298 42 3.5 1594916255
234 1612 42 2.7 1661993104
467 1634 55 4.2 1626226283
92 1763 53 2.6 1594575163
434 1848 44 4.2 1581885025
198 1489 42 3.9 1667988495
128 1643 42 2.0 1680182527
445 1167 27 4.5 1670779288
501 1534 44 3.7 1690383803
402 1467 41 2.5 1694795380
79 1719 34 1.6 1677428108
157 1784 52 3.0 1667161175
443 1698 27 3.0 1716346675
501 1378 61 3.3 1591366290
478 1428 43 1.1 1691823068
79 1578 52 3.9 1647232166
601 1403 54 3.2 1596790681
578 1534 39 1.0 1581644569
79 1467 32 2.8 1586612603
157 1445 61 1.4 1683868123
612 1309 44 2.4 1620202342
523 1378 48 3.3 1703056497
94 1423 36 4.8 1695602949
612 1534 46 1.9 1665808255
578 1784 28 1.1 1578294635
612 1189 46 1.5 1711572921
187 1578 41 1.4 1704084053
482 1234 48 4.0 1694467231
278 1612 53 2.7 1663840388
501 1167 61 3.5 1586963568
547 1827 55 4.6 1680360332
356 1534 52 3.8 1729322050
443 1089 29 3.8 1684116498
578 1806 48 1.3 1702806131
128 1784 54 3.1 1606315073
31 1445 38 3.5 1610248578
349 1489 44 2.8 1579071898
356 1678 34 2.8 1637007785
81 1189 54 2.8 1732617843
157 1298 36 4.1 1723987648
278 1869 40 1.1 1589284771
365 1428 39 3.6 1705433456
601 1301 36 3.0 1638101894
601 1214 52 1.6 1589986452
378 1445 38 1.9 1704163782
402 1309 32 1.9 1678946331
15 1214 53 2.0 1596532222
398 1403 47 3.4 1710944743
434 1078 52 2.1 1623769299
128 1656 39 1.8 1642444303
467 1259 41 1.0 1590136090
445 1423 43 4.2 1733627700
23 1848 53 2.2 1686280780
19 1634 55 1.2 1726204412
601 1976 44 4.0 1666398922
378 1189 54 4.1 1674035035
8 1284 46 4.9 1629918582
482 1578 46 2.5 1701915563
73 1806 53 1.3 1597194100
103 1643 39 4.6 1681246098
601 1612 46 4.7 1647872736
389 1976 49 4.3 1677668331
23 1848 34 1.6 1683766593
482 1612 40 1.2 1641189478
634 1301 36 1.8 1664085470
589 1976 53 3.1 1665899922
187 1445 53 2.7 1714413890
79 1445 42 4.6 1664880558
26 1556 28 2.0 1708152150
79 1467 29 2.3 1592893296
589 1467 41 1.3 1692347271
198 1612 38 1.0 1689064782
482 1234 39 2.7 1586723449
434 1742 39 2.7 1703443742
267 1976 27 2.1 1623484687
81 1534 53 3.5 1686551145
156 1234 48 3.1 1595115987
523 1869 42 3.5 1645573187
157 1259 49 2.3 1593078873
601 1848 52 2.7 1675717071
365 1806 53 1.4 1634700842
128 1078 48 4.0 1703083651
31 1976 49 4.0 1684928490
456 1678 47 2.9 1608302433
389 1634 38 3.1 1586748091
334 1259 53 1.3 1644223622
456 1298 36 2.2 1611295759
156 1156 43 3.2 1680716988
79 1423 32 1.1 1581216916
349 1284 53 3.8 1609781894
578 1189 53 1.5 1687505913
578 1423 54 3.0 1603618222
23 1284 41 3.9 1659889623
482 1848 41 2.4 1633716433
278 1467 61 4.5 1666717457
523 1234 49 3.0 1597272917
19 1428 55 2.0 1634083849
103 1827 34 4.3 1585391682
94 1678 48 2.4 1652913891
23 1423 53 4.4 1684589873
334 1742 53 2.7 1611751917
589 1976 47 1.2 1662227932
634 1719 27 1.7 1578432480
467 1612 47 2.7 1650919777
467 1534 54 2.1 1713406926
15 1827 46 3.0 1681066941
19 1214 42 1.5 1586254114
356 1284 43 1.2 1680109523
601 1534 36 4.4 1639592118
15 1203 43 3.6 1722671160
31 1467 39 3.2 1585910128
19 1534 53 3.1 1668327191
19 1167 29 2.0 1622431016
349 1467 52 4.4 1648787417
402 1634 30 4.1 1607902831
94 1189 32 3.6 1620906170
157 1806 52 3.9 1683819869
365 1719 36 2.2 1671535942
19 1467 47 4.2 1673554285
26 1167 46 1.5 1725876732
187 1643 48 4.9 1583971718
365 1156 47 1.8 1587324431
19 1259 28 2.3 1660680994
467 1167 39 2.2 1602091509
73 1078 52 2.3 1654935185
103 1445 46 1.7 1641545786
376 1156 48 1.7 1669257755
79 1534 32 4.3 1672458598
445 1719 39 4.0 1699006143
365 1869 53 4.3 1665894794
187 1698 46 1.9 1616928360
94 1556 53 3.8 1636321847
26 1156 52 3.7 1700577476
92 1784 28 1.2 1628737684
443 1827 40 2.2 1624786636
482 1678 61 1.8 1660299646
8 1742 34 3.0 1665592126
398 1976 53 1.7 1709275118
489 1784 27 2.4 1641934192
92 1656 53 3.6 1642125965
601 1806 27 4.8 1603439246
156 1698 42 4.6 1714362498
467 1378 44 4.5 1646076638
443 1298 46 2.1 1725083810
198 1556 36 2.0 1676320906
365 1423 32 2.9 1713466172
325 1763 38 1.3 1695533147
349 1848 54 3.0 1726881871
79 1156 52 4.5 1709275942
489 1869 44 2.1 1655943384
612 1612 34 3.3 1711926871
378 1378 34 3.7 1630346290
19 1301 44 2.7 1675343526
365 1378 32 3.9 1627039572
523 1309 49 3.8 1638641393
578 1806 38 3.6 1599146721
634 1534 28 4.4 1666151676
467 1848 42 3.4 1662311180
334 1643 36 2.5 1693677162
156 1214 44 3.1 1633713359
103 1698 54 1.6 1690132498
103 1656 38 4.3 1729920496
612 1534 52 1.2 1725041551
578 1423 47 3.3 1716529445
128 1643 53 2.7 1654150568
523 1284 32 2.6 1674944150
398 1467 53 1.0 1629588035
501 1428 43 4.4 1617913573
467 1214 40 4.7 1730765307
389 1534 52 4.9 1725189090
117 1167 42 1.9 1683276632
578 1556 27 1.3 1701357333
103 1309 30 4.1 1682138308
15 1259 43 2.5 1587401161
389 1784 29 3.7 1600568026
456 1298 40 2.4 1648738268
23 1656 53 2.4 1671189766
128 1301 54 2.1 1623694745
103 1259 29 5.0 1584635189
92 1301 38 1.5 1600394563
612 1698 40 2.9 1730216440
389 1445 54 1.7 1655465366
79 1534 29 3.9 1579182026
79 1445 55 4.4 1720511333
523 1309 29 4.9 1716945319
267 1656 30 1.4 1715018895
94 1643 55 2.0 1606712721
378 1976 44 1.3 1686770295
79 1467 53 1.4 1726628584
501 1512 40 4.0 1679488284
92 1784 48 4.8 1696106216
478 1284 46 2.3 1607328495
198 1467 53 2.6 1684223486
94 1827 29 1.1 1621247164
376 1806 41 3.8 1592146964
612 1489 43 1.2 1616872365
19 1719 49 3.3 1732642871
79 1643 53 4.9 1715574617
391 1423 44 2.7 1711649968
467 1167 49 3.4 1611735966
73 1556 39 3.3 1671317375
391 1634 28 4.1 1699941096
443 1848 54 3.2 1643477732
19 1612 52 4.1 1614416595
117 1698 53 4.2 1580656073
157 1284 53 4.4 1662339830
234 1678 38 4.1 1655914060
601 1578 36 3.1 1658532462
198 1763 29 2.2 1617693125
391 1467 53 1.8 1595044616
402 1203 61 3.6 1716795752
589 1403 49 3.6 1640281881
79 1827 32 2.5 1661108359
589 1167 39 1.1 1722098982
443 1189 30 3.8 1610035994
81 1259 49 4.1 1603342127
589 1763 46 2.2 1653152849
589 1719 29 4.6 1635068402
234 1869 46 1.6 1724938253
128 1534 55 1.8 1591288829
349 1634 34 3.3 1595061568
389 1976 30 2.4 1590806846
378 1534 32 3.2 1666357252
501 1763 38 3.7 1616608361
19 1643 29 1.1 1637693442
467 1742 39 2.9 1614736371
445 1578 54 1.8 1630098199
79 1423 38 3.7 1592085923
523 1827 49 2.8 1611004408
157 1423 61 4.6 1709903420
601 1284 38 3.6 1733811516
23 1309 42 2.2 1734289483
19 1634 43 2.4 1618028783
23 1078 53 4.3 1675380543
443 1784 30 4.4 1673703587
547 1848 28 4.0 1686203879
31 1678 40 3.5 1731677092
501 1078 48 4.8 1702866567
489 1827 52 1.8 1590890557
79 1512 40 2.9 1632789178
501 1534 28 2.9 1681678164
334 1678 44 3.1 1686720224
601 1489 38 3.1 1669003222
478 1301 34 1.2 1642925975
94 1284 44 4.6 1594328598
467 1612 28 2.6 1712977314
15 1976 47 2.8 1682832665
467 1078 48 4.0 1593543757
601 1078 53 2.3 1730930910
157 1556 36 4.5 1604507605
443 1806 34 4.1 1673089149
23 1423 47 2.8 1691254907
376 1742 29 1.1 1625559418
128 1284 40 1.8 1597154087
389 1643 27 3.9 1681760392
8 1301 41 3.5 1623432391
278 1234 40 3.0 1660100706
278 1512 43 4.6 1602433107
612 1156 36 3.7 1730245461
198 1234 29 2.2 1581877188
547 1827 32 2.6 1681251099
612 1534 41 4.2 1621869448
349 1578 39 4.1 1584141882
103 1634 46 1.2 1705259668
117 1259 29 2.6 1732861518
467 1467 28 4.8 1668679282
19 1512 42 4.1 1692406926
349 1378 38 4.3 1703687959
356 1612 34 4.7 1683587414
478 1234 55 3.5 1671554447
356 1976 52 1.5 1734368017
445 1719 30 2.6 1720478384
601 1634 43 1.5 1629021886
187 1259 47 2.7 1622010286
402 1634 53 4.2 1644015327
589 1284 36 4.7 1584411772
81 1167 61 1.0 1581281388
612 1698 27 1.9 1732777141
601 1784 44 4.8 1717298198
278 1167 54 3.5 1654109945
79 1214 54 4.7 1682099522
92 1423 48 4.2 1636727128
356 1284 43 4.1 1606430170
376 1634 27 4.7 1588049660
187 1156 48 2.6 1628712665
157 1643 61 3.3 1647089083
434 1234 32 2.9 1694649745
601 1612 61 3.2 1681775136
349 1214 53 2.9 1667831424
198 1467 53 2.8 1654701818
398 1784 53 3.3 1622846173
482 1869 42 4.0 1665553227
612 1284 39 2.2 1640466988
501 1656 52 3.5 1682511177
73 1742 38 3.8 1667308573
234 1556 55 2.6 1651893320
612 1403 39 1.1 1627398774
612 1634 48 4.4 1629015059
456 1428 52 5.0 1693588298
325 1578 41 2.9 1611511460
612 1203 52 4.3 1698821433
489 1259 53 4.7 1610523375
26 1578 46 3.9 1725064579
434 1378 52 4.6 1599148535
402 1301 53 5.0 1597523967
31 1534 32 4.0 1659687022
334 1643 42 4.1 1669793989
389 1534 52 2.3 1724201685
234 1806 48 1.0 1583697148
356 1234 54 4.0 1685576125
501 1534 43 2.8 1680432752
349 1976 48 2.8 1617410230
434 1512 32 1.2 1728814605
23 1534 38 3.7 1586268695
365 1301 30 4.8 1618204871
501 1763 41 2.9 1602040612
15 1234 30 3.0 1718462817
467 1489 29 1.9 1664804306
547 1428 52 1.4 1623867832
92 1784 61 4.0 1722361417
634 1719 55 2.1 1729331855
501 1534 29 1.2 1708526196
19 1556 52 1.5 1645909893
81 1189 28 3.5 1681558937
547 1089 46 3.4 1714928392
445 1214 46 4.6 1695993266
349 1234 30 2.9 1659215101
398 1078 43 1.9 1707179934
523 1301 44 3.4 1639195611
79 1643 54 1.9 1587437547
601 1643 41 4.9 1590548469
365 1298 53 3.3 1612913006
278 1214 36 2.6 1666405423
356 1976 28 4.9 1639898141
94 1634 53 1.6 1701247076
547 1489 40 1.3 1632788078
389 1298 43 2.4 1596487788
349 1612 53 1.1 1691477248
349 1534 43 2.1 1643415779
601 1634 34 4.4 1581281814
434 1078 49 2.3 1720341866
482 1643 29 5.0 1582607821
92 1298 34 1.4 1656649541
92 1156 55 4.1 1689619711
634 1089 43 1.7 1608700927
434 1656 28 2.7 1611289293
198 1976 49 1.5 1720288398
81 1534 52 4.0 1594991067
443 1089 27 4.7 1684440734
356 1078 28 3.5 1712483250
81 1234 28 3.5 1719535059
389 1445 53 3.8 1611830243
434 1512 32 2.7 1584758626
489 1806 55 3.0 1700226754
73 1578 40 5.0 1693018614
365 1719 29 1.9 1653437059
402 1423 61 2.3 1641634558
601 1378 40 2.9 1623956042
117 1534 61 3.9 1683508008
349 1763 52 2.0 1580064824
443 1445 44 2.3 1644682952
81 1489 32 1.6 1590639118
73 1078 41 4.2 1617846358
501 1634 36 1.2 1673495514
489 1259 29 3.7 1717209438
26 1445 29 4.9 1683296770
198 1612 30 2.4 1722164449
389 1827 39 4.4 1609717959
278 1698 36 4.4 1649667581
92 1719 43 4.6 1597048514
378 1309 48 2.3 1655215578
128 1189 40 4.6 1701552794
612 1612 34 3.7 1669952534
8 1784 36 3.1 1727329107
547 1403 55 4.3 1686842268
402 1203 46 4.9 1730404782
128 1234 52 3.3 1611546512
378 1078 48 2.1 1602686704
356 1214 49 1.3 1706990874
234 1763 53 2.0 1653587271
445 1203 54 1.1 1659615674
234 1678 61 1.7 1686132749
443 1556 52 1.7 1601460322
402 1259 30 4.5 1709785317
356 1203 53 2.5 1591534068
489 1234 28 1.6 1629132795
356 1167 53 3.7 1614375508
278 1512 43 1.4 1597918634
482 1423 42 4.1 1723294363
434 1742 32 4.2 1587291083
467 1534 27 1.1 1591073299
365 1403 49 2.1 1650851924
467 1301 43 1.0 1603567888
378 1445 43 4.4 1698975006
267 1512 29 3.3 1669290281
389 1763 53 4.2 1679330674
128 1848 41 1.8 1603742676
157 1423 61 1.8 1638312842
523 1848 34 1.6 1608270358
578 1719 52 4.6 1671673256
398 1678 34 3.1 1637678551
234 1719 48 3.6 1654518967
378 1976 61 4.2 1598881386
391 1556 53 4.5 1622743203
23 1301 44 4.6 1604524993
376 1643 54 3.1 1658933231
365 1089 41 2.8 1647700472
578 1719 28 4.5 1650253039
578 1403 42 2.4 1606316359
156 1423 38 3.3 1712944998
489 1078 34 3.5 1628332157
8 1848 39 1.9 1655907852
15 1742 61 4.7 1603620607
81 1167 38 4.2 1635883823
103 1634 48 4.5 1582584109
634 1578 42 4.8 1711111660
445 1806 42 2.6 1604088299
398 1078 52 2.4 1588715616
578 1643 42 4.7 1662479616
234 1189 43 2.7 1731805491
31 1489 32 2.1 1637165693
79 1309 44 4.3 1651703414
198 1512 34 2.1 1725470627
349 1156 43 4.8 1654672622
523 1656 53 3.8 1734884478
103 1214 44 2.2 1680549930
523 1534 30 2.6 1680886649
94 1259 27 4.3 1679673518
117 1512 47 2.0 1581281172
8 1643 34 3.4 1686867356
482 1763 53 3.9 1604714310
8 1378 41 3.4 1726327033
389 1612 42 1.7 1690245145
26 1445 54 3.2 1688935129
79 1423 34 3.6 1674432116
234 1089 61 4.5 1623796236
434 1719 34 3.1 1633715865
117 1578 54 3.1 1635573157
26 1678 46 2.4 1608392527
157 1428 38 2.7 1664033898
278 1378 38 4.6 1627660827
198 1784 39 2.5 1614435589
73 1578 43 1.9 1607580572
8 1203 34 3.9 1676338277
26 1378 43 1.0 1613407663
391 1634 38 4.1 1658024418
402 1403 46 2.0 1729128807
187 1301 53 4.7 1636676659
365 1428 38 4.8 1700339653
478 1806 39 4.7 1580561991
547 1309 52 1.9 1578451895
26 1298 54 1.4 1685781424
117 1403 27 3.7 1713951936
26 1976 28 3.3 1663004007
187 1719 46 2.5 1709661223
73 1556 42 3.6 1588434165
325 1234 32 3.9 1672778109
365 1203 53 2.1 1616492929
234 1378 28 4.4 1734092993
187 1156 54 1.8 1722278213
634 1167 39 3.1 1578118923
467 1827 47 1.0 1683806269
325 1467 36 2.6 1646838519
187 1156 53 3.5 1617948037
523 1428 52 1.1 1713300876
445 1214 32 2.8 1608361033
482 1719 34 2.2 1679345750
589 1489 53 1.8 1656900224
26 1742 49 1.0 1643363704
325 1578 43 1.3 1583088199
376 1167 47 1.8 1674452686
456 1284 40 3.1 1669951050
501 1612 43 1.6 1727421093
187 1806 38 1.8 1630261048
117 1612 47 2.4 1677613389
445 1643 48 2.9 1696727574
589 1806 28 1.0 1734353072
117 1534 48 3.1 1620063739
547 1742 30 2.5 1707481635
103 1578 27 2.6 1698009661
482 1656 28 2.6 1648210511
467 1489 48 1.7 1676823611
325 1156 41 3.6 1705216057
156 1203 54 2.0 1588377408
267 1763 44 1.4 1706527151
589 1214 53 3.1 1678004552
445 1656 61 4.2 1623133261
8 1742 55 2.1 1594070877
601 1656 42 1.8 1620171685
391 1784 34 1.2 1603985776
378 1467 52 2.0 1617453084
278 1556 43 1.2 1700611876
26 1976 53 4.1 1598281500
31 1259 52 2.0 1716530638
547 1259 52 1.8 1644850517
482 1534 42 2.9 1716281513
26 1089 39 3.7 1620893792
467 1203 43 3.7 1707260876
325 1467 29 1.5 1694098349
482 1423 34 1.8 1594329756
234 1301 44 4.5 1653191654
234 1428 49 2.6 1677792296
334 1678 48 1.6 1680201823
23 1156 55 1.5 1650323017
482 1489 46 1.1 1614364272
198 1976 54 2.7 1663833865
349 1489 32 4.5 1597258219
478 1763 29 2.3 1658409096
356 1214 41 2.6 1678486211
523 1742 41 1.2 1666588971
578 1976 36 4.0 1693378597
23 1534 53 2.8 1729950288
612 1806 46 3.8 1703822047
356 1259 41 2.2 1646002841
349 1698 41 4.1 1603934659
389 1284 32 4.8 1603173718
103 1556 39 3.7 1729129864
434 1612 53 2.5 1602718653
398 1403 29 1.3 1679404108
389 1089 32 3.1 1669885107
349 1309 55 1.5 1699183737
402 1534 52 4.0 1718546785
128 1534 34 1.4 1711820878
79 1189 34 4.9 1618277538
501 1976 48 4.6 1591396092
434 1167 52 4.1 1734406082
402 1214 32 3.7 1704920353
79 1298 44 2.2 1631496204
376 1556 49 4.0 1597497272
501 1534 40 4.2 1702976967
349 1827 52 4.9 1674289156
612 1556 44 3.3 1635633360
26 1203 36 1.5 1619502152
23 1742 30 4.9 1614845558
445 1167 55 3.8 1649060580
278 1827 36 4.1 1664300884
156 1976 32 4.6 1709701287
456 1698 53 3.3 1647956170
117 1827 34 4.6 1690403669
94 1742 53 4.9 1698572442
26 1534 42 2.5 1707428718
547 1489 40 3.0 1707769289
489 1678 52 3.2 1585132981
128 1634 53 1.7 1644744857
8 1719 34 2.8 1611771692
478 1423 32 1.7 1588545535
445 1189 55 3.6 1730997987
376 1284 27 3.3 1657087390
31 1869 40 1.6 1600238528
378 1742 48 3.6 1699839575
19 1078 55 3.9 1672899532
187 1534 40 3.9 1597127142
456 1378 52 3.9 1673908811
378 1742 39 4.5 1713490516
23 1848 61 4.0 1655803433
478 1612 49 4.2 1598897727
378 1784 32 4.6 1622218399
117 1234 39 4.7 1685935142
325 1203 52 2.8 1710415625
601 1156 52 4.0 1646247645
