378 1078 38 2.6 1638820280
8 1534 40 3.8 1651357701
356 1467 61 1.1 1634872150
156 1167 55 4.6 1716013360
157 1489 52 1.4 1716942561
489 1698 52 3.9 1637440752
26 1578 49 1.9 1578884478
23 1976 44 4.5 1705132531
398 1467 54 3.2 1710156487
156 1643 53 4.3 1622747067
92 1167 53 3.4 1692773383
402 1512 61 2.4 1668211685
198 1534 61 2.8 1653062208
501 1489 43 1.4 1696191566
634 1309 53 4.2 1732037712
128 1612 40 2.8 1665436135
578 1806 61 4.0 1578410840
81 1467 52 1.8 1675272458
349 1189 47 4.0 1582602437
92 1806 48 3.4 1579026889
389 1445 53 2.0 1621214817
612 1089 53 4.8 1723067596
8 1403 54 2.9 1636485489
389 1445 39 4.9 1673109589
92 1489 30 1.3 1595166155
365 1534 55 2.7 1608818744
612 1284 48 1.8 1599000963
601 1284 42 2.1 1625557297
378 1234 61 2.9 1609733057
325 1298 46 3.0 1727483803
349 1284 52 2.3 1695440393
92 1309 54 3.1 1587084439
26 1467 29 4.1 1649922230
23 1763 44 4.5 1695442990
26 1634 32 3.1 1606225896
334 1298 28 5.0 1591724841
325 1534 53 2.9 1579392586
278 1806 28 3.3 1683049778
443 1089 39 2.3 1718782118
278 1189 34 1.8 1695429261
23 1763 44 3.1 1623227545
523 1634 36 4.6 1642786788
445 1467 46 2.4 1722791047
81 1309 54 1.9 1698867061
398 1423 40 2.9 1583014831
79 1784 28 3.5 1734667071
31 1203 40 4.5 1593748176
81 1189 34 2.6 1675414431
443 1534 53 1.3 1724848509
398 1869 47 3.8 1733471750
349 1612 27 4.3 1686754156
445 1298 47 1.9 1709707529
26 1742 42 1.3 1704972447
128 1309 44 1.5 1594095249
389 1698 44 2.3 1664091601
378 1763 40 1.9 1608714709
434 1234 48 1.6 1717962196
467 1189 40 1.9 1677846039
547 1378 42 3.1 1690206521
612 1678 55 4.7 1602658113
589 1467 47 3.5 1664378658
128 1301 42 1.2 1727734328
128 1309 52 2.0 1629926440
15 1428 30 4.7 1624645694
398 1445 53 4.1 1714729808
391 1512 32 2.2 1654161768
443 1556 34 4.1 1708378947
402 1742 61 3.8 1640664338
398 1763 54 4.8 1639019086
489 1167 40 3.3 1644197009
31 1167 30 3.8 1707769130
15 1214 30 2.6 1641941562
356 1259 40 2.4 1611274547
402 1763 27 5.0 1625206865
601 1445 32 3.6 1674713330
634 1976 52 3.8 1612517126
601 1534 46 1.6 1582340036
365 1534 41 2.6 1688715662
612 1848 49 2.1 1735435323
79 1784 30 4.8 1628026165
349 1534 44 1.8 1674159835
234 1203 36 4.1 1617658405
26 1556 28 4.2 1671349515
467 1976 52 3.4 1685888905
445 1578 47 4.4 1721287121
278 1403 55 1.8 1670296859
445 1167 47 1.3 1593421276
198 1167 29 4.9 1680445037
117 1301 32 1.1 1703435011
489 1284 52 2.7 1708384215
94 1643 53 4.3 1635132026
443 1489 54 4.4 1598288673
389 1423 27 4.3 1728342612
501 1742 29 1.2 1594730587
81 1634 52 2.1 1674310548
198 1698 36 2.9 1694353730
612 1309 44 3.3 1709616857
434 1976 52 1.2 1709634264
398 1656 43 2.3 1615109979
325 1284 39 4.8 1619483063
79 1156 53 2.7 1631423138
482 1445 40 1.6 1695119125
278 1678 43 2.7 1715345619
128 1556 28 4.6 1605426138
103 1848 53 3.7 1587465552
376 1827 43 5.0 1667225168
356 1489 46 2.1 1730463832
157 1214 46 2.6 1618968324
349 1643 54 1.1 1647885833
81 1656 34 1.4 1584780706
198 1467 41 5.0 1652591121
103 1467 30 3.2 1706493917
612 1512 55 1.8 1640843753
334 1556 61 3.7 1721739450
434 1827 36 3.0 1666341675
456 1556 34 3.6 1669446169
103 1467 27 3.7 1687804513
378 1534 41 3.9 1720762964
467 1423 38 3.9 1711759602
325 1578 43 3.2 1608686494
578 1612 53 4.1 1654709633
349 1719 44 1.8 1697019583
73 1719 40 1.6 1675469271
92 1763 27 3.4 1688306920
92 1763 40 1.9 1696246662
601 1719 27 1.3 1615668334
578 1078 36 3.5 1651759748
501 1848 44 1.9 1717651667
523 1309 32 2.9 1681655674
378 1423 41 1.4 1675626135
612 1806 61 4.9 1648763608
601 1489 32 3.4 1671598453
156 1643 47 2.3 1695910243
402 1869 46 1.4 1609208138
325 1428 44 2.5 1646536444
391 1806 54 3.9 1598021384
402 1534 53 2.0 1730601427
391 1742 53 1.9 1613146990
19 1742 61 3.3 1605618504
467 1203 32 1.6 1694574114
547 1827 44 2.0 1600866116
578 1512 41 1.3 1597299809
398 1467 38 2.7 1590298369
8 1467 42 4.5 1707884641
157 1189 40 1.7 1645885963
523 1428 30 3.4 1660422384
156 1467 53 4.5 1705803954
234 1634 55 2.1 1735533994
443 1489 34 1.9 1704954852
267 1234 54 2.0 1582308285
501 1678 42 1.1 1620803961
467 1214 38 4.3 1723922337
578 1489 53 3.4 1630830926
349 1298 61 4.3 1614674783
376 1698 53 2.3 1605104043
445 1259 49 2.5 1720340678
482 1284 42 4.9 1577870249
467 1869 30 5.0 1727980372
94 1656 32 1.2 1654463752
79 1678 54 4.6 1729297116
19 1445 38 2.3 1595103133
94 1189 42 2.5 1598063455
94 1284 48 2.5 1723922031
501 1467 28 3.6 1699006762
325 1167 47 1.1 1702859831
92 1848 47 4.7 1653153797
445 1763 42 1.7 1579623680
325 1445 29 3.5 1734906959
391 1428 42 1.9 1673529500
391 1445 27 1.4 1663445480
389 1284 32 1.6 1723649141
81 1678 48 1.0 1733640458
157 1869 52 3.5 1728282878
267 1428 53 4.1 1638734277
128 1259 52 2.5 1584214209
378 1643 54 1.5 1637690024
389 1298 48 1.9 1657421811
79 1467 55 2.8 1726452877
589 1534 54 1.1 1694309375
234 1643 38 2.5 1726557667
547 1203 36 1.6 1595536165
456 1467 30 3.2 1651935248
391 1214 61 2.1 1615438362
325 1869 38 4.4 1629008462
92 1214 48 4.1 1613425561
81 1976 42 3.2 1682185599
156 1298 49 4.9 1721573039
156 1214 55 1.9 1713494347
187 1698 55 2.5 1661126873
325 1403 41 4.9 1680010826
8 1656 43 2.7 1712885004
445 1445 49 1.3 1650050633
92 1643 54 3.8 1616980106
365 1089 48 2.9 1722198570
356 1203 42 4.3 1619167988
456 1719 41 2.1 1696534307
523 1284 30 4.5 1619454697
117 1742 53 2.0 1604853244
92 1634 36 3.1 1603110763
398 1298 49 4.6 1586895675
8 1848 44 3.5 1731598248
198 1298 30 3.1 1624615510
334 1634 30 2.2 1672388587
8 1634 41 1.1 1659918201
79 1078 38 2.4 1602250399
92 1309 53 1.6 1584003254
156 1612 34 1.4 1622563536
578 1301 30 3.6 1730251856
334 1403 47 4.3 1636939566
15 1976 52 2.6 1701041100
79 1378 47 4.1 1634019945
15 1284 41 3.6 1601097527
589 1301 61 1.1 1621472991
612 1784 27 2.8 1599146322
398 1301 34 2.0 1735399135
391 1534 52 1.6 1628206557
19 1309 39 1.5 1629929506
157 1656 52 1.5 1715837675
523 1719 40 2.6 1689997578
478 1423 55 4.4 1681815552
103 1428 34 4.0 1719944343
26 1643 46 3.2 1670110012
612 1556 44 2.5 1725182378
234 1203 39 3.6 1712454429
92 1284 28 3.9 1593925138
325 1078 29 4.1 1656927018
547 1848 40 2.6 1702921958
103 1634 61 4.5 1708919045
456 1167 28 4.1 1730705532
482 1214 49 2.3 1713923922
79 1445 55 2.0 1596550460
391 1512 40 1.6 1725862219
456 1089 44 4.9 1665007770
376 1719 46 4.8 1668123890
15 1634 53 1.7 1708954377
81 1078 34 3.6 1604215751
478 1763 61 4.4 1668517850
92 1259 28 2.7 1673813910
589 1259 53 1.8 1616399048
402 1284 44 4.3 1714496825
456 1742 39 1.5 1705270944
267 1298 41 1.7 1655708872
79 1612 42 4.2 1657262048
187 1578 53 1.4 1657038356
578 1719 52 4.6 1722479466
376 1827 53 1.8 1697768185
482 1742 46 4.9 1642172076
456 1378 34 3.6 1619168625
482 1976 53 3.1 1583591497
198 1643 61 3.8 1653407864
482 1428 48 2.8 1719203269
349 1078 41 4.4 1620261368
489 1489 42 4.4 1735437289
547 1167 55 3.0 1666437371
157 1848 40 4.8 1694696264
325 1578 40 2.9 1697655292
365 1742 32 3.3 1629429942
378 1634 54 4.9 1686459831
501 1512 38 2.9 1586212862
482 1827 61 4.3 1598243832
157 1403 30 2.9 1601095538
15 1742 61 3.6 1713310530
156 1203 39 2.9 1645572477
547 1556 52 1.1 1660949133
482 1976 46 4.9 1636001962
79 1309 61 4.1 1721843954
482 1489 32 3.1 1593162960
23 1656 41 3.8 1658817234
81 1378 52 3.1 1633045748
389 1403 54 3.3 1662400115
365 1534 41 2.1 1641160687
128 1259 27 1.8 1724067635
612 1827 46 2.6 1702442799
578 1423 38 3.6 1582518795
26 1078 39 2.4 1660070868
456 1298 28 2.2 1618767600
198 1869 55 3.3 1652786434
456 1656 42 3.0 1699060735
267 1467 53 4.2 1587286532
128 1156 49 5.0 1633324884
634 1156 34 1.2 1623895808
81 1284 38 1.3 1610036310
156 1848 30 4.6 1665401631
402 1827 30 3.1 1681041725
547 1976 28 1.6 1657409845
467 1189 44 3.8 1584918694
601 1656 49 2.5 1676391748
325 1678 54 4.0 1591842011
19 1656 27 4.7 1710477596
15 1467 43 1.9 1598588074
128 1078 46 1.0 1666825044
187 1612 47 2.6 1684566544
187 1827 40 2.5 1715137430
81 1203 54 1.8 1586872335
31 1167 53 3.4 1673277803
325 1428 46 4.3 1584324612
15 1512 36 1.3 1611985571
578 1827 43 4.2 1640228513
23 1656 29 3.3 1671703149
94 1534 30 4.5 1621625751
467 1678 43 3.1 1625582410
467 1763 42 3.4 1670974609
601 1848 30 3.3 1729449186
501 1534 29 3.8 1662152103
157 1869 47 3.6 1613251405
467 1298 53 3.8 1732132681
73 1189 28 1.1 1599123062
634 1259 34 2.8 1590846102
325 1156 43 4.6 1580127089
612 1827 48 4.7 1632219356
356 1578 43 4.7 1596438423
612 1089 32 3.9 1633917395
94 1763 30 3.0 1581117097
19 1167 44 4.5 1720520407
434 1423 34 2.3 1704992353
92 1403 34 2.4 1706701133
376 1423 55 1.6 1700774852
8 1156 53 1.3 1642505800
482 1156 52 3.3 1616411195
15 1234 52 3.9 1732095689
578 1156 40 3.0 1617489615
19 1403 27 3.8 1725854711
398 1423 32 3.8 1638773388
156 1089 36 3.4 1722471462
334 1203 43 1.0 1645390379
612 1428 36 2.8 1588091330
378 1423 27 3.0 1627754164
589 1309 55 2.3 1582882783
26 1719 47 2.9 1709149724
482 1698 40 1.5 1611566467
547 1556 30 2.9 1615773228
391 1284 40 3.3 1678056434
578 1167 55 1.7 1588558735
589 1634 52 4.5 1619261190
117 1784 42 2.6 1599098202
482 1428 29 1.2 1600615356
478 1378 55 3.3 1627417707
8 1284 30 3.3 1642341975
589 1634 40 3.9 1586419628
79 1089 40 1.2 1670573146
489 1612 47 4.7 1725533718
156 1719 53 2.9 1728364669
445 1301 39 1.8 1638760593
467 1827 41 3.7 1681537999
94 1234 54 3.5 1619376570
187 1203 47 4.6 1648294658
489 1719 52 4.9 1655011265
23 1719 38 2.2 1626136687
634 1578 41 4.0 1649039406
128 1763 52 2.6 1676806198
349 1428 54 1.9 1686463123
443 1298 61 3.9 1685392219
578 1078 46 2.2 1644599724
156 1489 27 4.8 1694081933
349 1189 53 2.7 1652080181
94 1534 49 1.5 1620602377
8 1678 46 3.6 1644113988
601 1612 54 2.1 1591907081
482 1869 46 1.3 1639137001
79 1284 46 4.2 1596019860
79 1467 48 2.7 1670990090
612 1806 55 3.7 1634201478
31 1189 52 3.2 1730928240
117 1534 47 3.8 1601042682
402 1848 28 4.6 1634589883
365 1612 47 4.7 1598772716
19 1512 52 3.9 1701931960
73 1489 47 3.5 1680759800
334 1298 52 1.1 1688494446
19 1203 52 3.6 1659981474
349 1634 48 3.3 1701660054
391 1189 32 3.4 1602450160
445 1156 61 4.9 1649062090
467 1167 44 4.1 1602479126
278 1309 39 3.3 1640542393
234 1742 28 1.5 1715202319
445 1203 29 2.9 1714675655
128 1489 42 4.5 1618313570
156 1489 55 1.5 1631347029
578 1976 36 4.3 1667074604
478 1678 28 2.8 1685326006
234 1298 47 4.9 1672966237
391 1445 39 3.1 1644240259
15 1698 54 4.1 1702039748
389 1763 29 2.6 1699807996
157 1301 29 3.4 1595379570
79 1827 53 5.0 1593834154
489 1309 28 1.8 1684102107
391 1534 54 1.7 1632455614
26 1203 42 1.1 1730343112
445 1534 38 3.2 1640580514
478 1763 40 3.5 1670552006
79 1742 40 3.0 1685280845
234 1467 53 3.1 1679557905
81 1467 34 4.8 1653322438
234 1167 49 4.8 1666890203
482 1612 53 3.7 1723348336
198 1284 61 1.4 1589550321
187 1234 49 3.9 1597350208
198 1578 46 1.5 1730397802
376 1189 52 2.9 1675585042
103 1428 42 2.4 1594233550
334 1259 49 5.0 1636636097
589 1698 55 3.8 1697896811
128 1489 41 3.6 1685991814
128 1189 32 3.6 1732959138
478 1534 52 3.3 1679052159
391 1556 61 2.5 1726246421
128 1234 46 3.3 1673017582
443 1976 46 4.8 1698026856
94 1234 61 3.2 1703314022
467 1827 40 1.9 1582298398
31 1827 34 2.4 1673801139
92 1467 52 1.7 1728895723
267 1512 27 2.1 1673943729
267 1578 48 2.4 1666072441
391 1763 43 4.4 1659882015
445 1378 61 4.2 1715207154
547 1423 30 2.0 1642337026
378 1259 43 1.1 1724945860
23 1512 29 1.9 1582894647
478 1489 53 2.8 1642788959
94 1869 32 2.3 1685018596
356 1189 54 2.0 1726572321
612 1976 29 3.0 1716967056
92 1643 34 3.7 1693252648
578 1445 47 2.8 1649050351
456 1189 28 1.2 1645377373
402 1234 34 1.5 1669378177
482 1534 36 4.9 1592156745
128 1512 28 3.9 1677354271
73 1512 30 2.1 1639529640
92 1869 55 1.3 1655397597
467 1156 27 3.2 1670606121
501 1827 53 4.6 1707881828
478 1612 30 3.5 1630665715
389 1284 46 4.5 1648893649
378 1976 34 5.0 1679161568
334 1763 42 2.7 1682455728
79 1298 46 4.8 1635486182
157 1512 40 1.9 1698120923
157 1234 42 3.8 1588947207
482 1156 52 4.0 1656606719
349 1848 52 3.3 1729045543
482 1827 52 1.1 1733976226
234 1403 47 4.4 1727049328
365 1742 39 1.0 1657450439
434 1534 39 1.8 1588457838
73 1189 54 4.2 1691663128
434 1423 47 3.8 1693786393
501 1301 52 4.5 1621974191
356 1301 52 1.8 1604664027
467 1578 29 4.0 1720181148
434 1403 52 4.5 1586556837
325 1763 40 2.1 1597894842
501 1259 41 4.5 1729047399
92 1301 53 1.4 1589228035
73 1612 42 4.0 1635489874
634 1298 52 2.6 1662026284
389 1678 27 3.5 1578293341
443 1298 34 3.7 1610629481
234 1556 46 1.2 1585068686
349 1634 34 4.4 1714562041
103 1378 41 4.3 1690806293
578 1167 38 4.4 1648817524
73 1489 43 3.7 1645190228
103 1403 27 4.3 1684268713
92 1612 39 3.9 1698022682
547 1556 52 4.0 1706190583
334 1298 53 2.6 1649691623
81 1489 47 1.8 1606231483
467 1189 28 3.0 1717780963
234 1309 42 2.8 1704845998
334 1742 32 4.5 1702093388
398 1848 41 1.9 1722097610
128 1578 52 1.8 1675768173
489 1612 46 4.3 1587052552
15 1534 49 3.4 1612177886
489 1489 54 2.2 1686894766
391 1234 41 2.6 1721464608
278 1467 48 3.9 1696957582
187 1612 28 2.2 1642391211
334 1806 28 2.9 1706700377
467 1259 44 2.9 1629339717
31 1467 46 2.2 1717917370
234 1298 47 4.3 1611140588
103 1214 44 3.0 1585475720
198 1301 41 4.5 1672332920
117 1678 42 1.6 1712031539
278 1578 55 1.5 1605429332
482 1078 30 4.1 1675440490
612 1378 55 2.8 1596354748
578 1301 34 4.2 1621100996
94 1309 29 4.2 1603535496
349 1203 44 3.0 1591467123
482 1742 42 3.7 1632852864
389 1259 61 2.8 1609192856
92 1976 29 4.1 1726450422
157 1378 52 4.4 1690562886
389 1806 43 3.8 1687276480
117 1742 61 1.5 1731642963
73 1763 44 3.3 1711857037
187 1078 30 3.6 1595318810
19 1976 44 2.6 1599751016
23 1643 46 1.6 1719238666
456 1284 29 3.3 1704965797
434 1234 30 1.7 1688722177
81 1678 36 1.2 1722033444
156 1556 52 3.1 1632701238
634 1423 47 4.9 1710403999
92 1259 52 3.6 1713617833
467 1203 47 2.5 1630288849
94 1719 48 3.6 1678020588
187 1534 52 2.1 1705689373
128 1214 54 2.1 1652010430
398 1445 38 3.5 1629280965
391 1742 52 1.9 1626625175
578 1378 44 2.6 1730304224
523 1301 41 1.9 1684651841
92 1869 61 1.6 1584963760
589 1678 44 4.2 1681269383
26 1678 28 1.7 1724163032
26 1656 36 3.9 1660809713
612 1078 41 3.4 1608685399
478 1634 44 2.2 1681372948
278 1784 36 4.4 1656679492
103 1678 38 2.4 1585491247
489 1301 36 4.1 1630207574
267 1428 42 2.4 1702311472
234 1719 54 4.3 1628626397
26 1423 36 1.4 1592002808
612 1078 27 1.9 1613430231
489 1089 48 3.4 1733580846
26 1763 39 3.4 1593635023
103 1612 44 2.3 1713307708
456 1534 36 4.8 1715318005
187 1643 54 2.8 1613891643
378 1512 53 3.4 1620104832
467 1428 55 2.8 1631448918
398 1309 44 3.8 1713228572
81 1423 47 4.1 1605949906
467 1301 44 2.4 1686641619
94 1678 48 3.7 1695471179
589 1763 32 2.9 1678628911
8 1698 52 1.7 1600427168
612 1445 52 3.6 1617400008
92 1612 27 3.3 1605613805
92 1203 30 2.2 1632938429
278 1284 28 1.4 1629259539
103 1827 42 2.5 1608706846
523 1719 36 4.1 1594952140
81 1827 47 1.8 1711651130
434 1078 42 2.5 1619936301
445 1378 38 2.1 1728678764
501 1534 46 3.8 1647972053
349 1378 40 2.1 1653354365
601 1309 34 1.3 1588581063
325 1512 41 1.5 1681583654
634 1445 54 3.0 1599546686
482 1534 29 1.0 1734433091
267 1403 34 4.7 1659246602
501 1534 41 4.4 1672772101
634 1301 38 2.9 1577871440
356 1848 54 1.2 1627519394
612 1719 27 2.1 1600139261
378 1763 29 2.2 1622428747
26 1489 27 4.0 1628618261
26 1234 53 4.4 1645162503
467 1848 44 1.5 1639060236
334 1698 52 4.3 1639326147
23 1556 54 3.6 1647400864
23 1301 40 3.6 1719155838
589 1234 29 4.9 1611635648
26 1534 38 3.7 1710094358
79 1203 48 3.1 1663568719
378 1742 32 2.7 1671554015
198 1298 40 1.1 1661650439
128 1976 44 2.6 1635877532
117 1284 54 3.4 1721426177
94 1763 54 2.3 1647658683
378 1203 52 4.5 1647927584
434 1698 54 2.2 1581798377
391 1167 47 2.5 1733205921
234 1578 36 3.3 1640214269
267 1078 38 3.3 1623318608
349 1806 34 3.7 1706395331
128 1467 54 1.7 1703362535
501 1534 55 1.8 1717674321
79 1078 39 4.2 1720338414
15 1259 43 3.2 1733413983
349 1556 32 4.1 1734194460
389 1784 34 2.0 1723087279
467 1827 49 4.7 1623633909
31 1378 40 2.4 1663986158
523 1784 36 3.1 1691236462
92 1869 42 3.5 1721041391
547 1719 29 1.6 1670178551
349 1612 29 3.1 1717140206
467 1403 44 2.9 1651679949
391 1259 28 1.1 1668108774
378 1869 61 3.7 1614211516
15 1534 53 1.1 1733446440
612 1869 47 1.5 1679455786
601 1259 55 2.2 1649695215
117 1445 40 3.9 1612444837
434 1078 34 3.7 1677596899
198 1259 38 3.9 1729537599
128 1378 32 4.2 1593317406
612 1719 55 3.0 1720220482
578 1698 28 2.9 1687881096
128 1512 39 3.1 1708116447
73 1742 30 2.6 1608327402
376 1976 43 4.7 1731391223
156 1678 32 1.1 1725656864
157 1719 40 3.4 1588386089
31 1656 55 4.0 1620570427
443 1556 40 4.4 1593920523
79 1167 40 1.9 1608483241
634 1634 29 3.9 1692300692
467 1489 34 3.6 1732328754
325 1534 47 2.4 1622057867
612 1214 29 4.2 1609879671
482 1556 36 3.6 1640476736
547 1556 52 1.8 1587489441
456 1784 46 3.9 1603706823
356 1698 44 1.2 1724640168
23 1301 43 1.9 1645652584
467 1234 28 1.8 1624420165
365 1848 39 3.8 1638465447
92 1301 54 1.9 1607539124
391 1089 48 5.0 1671632484
467 1827 27 1.1 1712898212
443 1167 53 1.9 1620638155
456 1078 42 2.6 1713073360
482 1643 34 1.7 1637900888
156 1612 28 3.7 1676253892
443 1827 43 3.9 1713755975
156 1167 34 2.3 1623871444
157 1423 38 1.8 1578581736
378 1534 46 2.1 1618718704
634 1489 44 1.2 1689726355
478 1784 43 3.7 1630241985
634 1534 28 1.8 1578559730
547 1578 53 3.2 1603558343
234 1467 54 3.7 1708226185
356 1156 44 1.4 1710691883
402 1259 49 4.9 1699382336
389 1301 46 2.9 1686586806
8 1445 53 3.3 1718001843
234 1167 34 3.0 1634069254
156 1428 49 1.2 1721374512
278 1827 43 4.3 1629017749
92 1167 38 3.3 1623982271
612 1634 41 2.6 1631456066
467 1489 27 1.5 1709331209
234 1534 52 3.7 1708417629
23 1089 52 1.6 1642486796
398 1423 29 3.9 1682733499
612 1259 52 4.7 1708791267
267 1156 52 1.5 1626852368
478 1806 61 2.7 1724356095
128 1203 55 3.2 1626408722
467 1089 53 4.2 1686359656
378 1643 54 1.9 1643775293
389 1167 49 2.6 1604124660
334 1763 49 2.9 1621911185
356 1742 48 4.6 1656829260
234 1534 28 1.1 1719466330
376 1467 53 3.5 1670026632
187 1556 30 4.8 1653018121
578 1698 52 2.6 1709239294
634 1534 48 4.4 1637550650
187 1742 36 1.5 1631639903
187 1869 53 1.2 1721805157
478 1634 34 3.5 1585358930
482 1214 41 1.3 1723316353
234 1301 49 1.4 1671612380
389 1156 29 3.3 1697009953
73 1089 43 2.2 1690894562
156 1298 41 2.9 1653387985
267 1534 54 1.7 1609282235
94 1656 39 1.6 1691324574
26 1259 40 1.9 1616546129
489 1403 49 4.3 1627738132
187 1203 36 4.9 1718406753
94 1214 53 1.8 1611781966
443 1612 47 2.3 1721044573
589 1827 39 2.2 1636015607
634 1189 36 4.9 1703649504
445 1467 42 1.1 1614741605
128 1309 53 4.9 1598806041
23 1167 29 2.3 1636577241
601 1301 46 2.6 1627270524
356 1512 46 4.6 1620793977
456 1784 30 5.0 1686964646
26 1534 38 4.6 1661319631
378 1742 55 3.2 1580947290
478 1489 28 1.2 1669952133
81 1214 43 4.8 1640292849
478 1298 39 3.5 1618411622
482 1423 48 2.8 1624329016
334 1698 41 1.7 1602160757
19 1156 28 2.1 1635015584
92 1078 47 1.1 1661557949
349 1234 52 4.5 1707103981
402 1203 36 4.9 1587895804
23 1309 41 2.4 1650553233
467 1719 42 3.5 1700446179
234 1848 52 2.8 1643335834
198 1719 34 2.5 1659937005
156 1167 55 2.5 1586880900
578 1156 43 3.6 1712785135
578 1534 42 4.1 1673984616
501 1234 47 2.3 1730927866
391 1309 41 4.0 1685278159
128 1556 42 3.0 1694471126
478 1489 42 2.6 1688875641
325 1167 53 4.3 1594252694
482 1378 40 3.7 1730577391
378 1301 32 4.6 1651498280
391 1428 29 1.9 1616560316
612 1869 53 4.4 1714099313
117 1698 53 2.9 1709150835
391 1742 47 1.3 1610066738
73 1189 43 1.4 1655472582
8 1742 34 1.0 1689675081
26 1078 46 3.6 1611575202
489 1742 61 4.3 1587199587
198 1556 41 2.4 1625291851
456 1719 55 2.0 1624664584
501 1078 53 4.7 1613881831
589 1806 61 2.6 1660345433
73 1556 42 1.5 1610976338
19 1214 36 3.0 1668173874
391 1556 43 1.4 1674645810
467 1698 40 1.3 1650482860
389 1556 53 1.3 1715887354
278 1467 34 2.7 1626369035
157 1634 43 2.6 1663583286
612 1378 27 4.2 1661441004
356 1556 53 2.9 1724594493
198 1806 53 2.9 1641090576
523 1167 46 3.9 1698771088
198 1298 47 1.5 1690851195
391 1378 28 1.3 1708083398
482 1578 39 2.9 1706586815
489 1656 52 1.5 1725750275
467 1848 47 1.9 1605136612
334 1298 61 1.4 1586877969
445 1203 61 4.8 1626710960
356 1578 53 1.7 1663730625
523 1467 49 1.8 1711077894
356 1089 36 1.8 1581057379
389 1284 41 3.9 1644225622
31 1467 44 3.6 1698452794
489 1167 47 1.5 1600790456
23 1489 29 4.7 1583350775
334 1156 61 3.8 1673586304
23 1428 30 4.4 1581863317
612 1467 36 1.4 1677566733
378 1806 38 4.1 1670899086
26 1378 53 2.1 1684364742
389 1534 41 2.5 1584886928
31 1827 47 2.3 1678172524
15 1298 43 1.3 1709032377
391 1784 54 2.7 1621359311
443 1489 42 1.5 1624077154
8 1556 41 2.8 1586673172
378 1512 27 4.0 1685556184
523 1534 49 1.8 1583404998
234 1719 55 1.3 1626378027
391 1612 49 4.8 1691535422
376 1848 55 1.8 1661495473
73 1869 42 4.2 1653528762
325 1698 34 1.4 1611259704
456 1534 54 2.5 1641533537
467 1167 52 1.5 1712897692
325 1827 47 4.6 1661428243
26 1534 46 2.9 1627729223
117 1423 41 4.8 1592016792
15 1698 39 2.1 1635752464
482 1827 49 3.8 1602867714
389 1784 44 1.2 1590193780
443 1634 55 4.8 1649684330
128 1156 53 3.3 1712375975
612 1534 49 1.0 1584624264
478 1976 49 2.9 1672532874
365 1827 40 4.9 1637476868
547 1806 43 3.8 1665835328
578 1869 34 3.9 1587073936
31 1259 40 1.5 1584005915
267 1284 39 3.9 1707884214
443 1784 38 3.6 1594984518
356 1512 44 1.1 1668184568
467 1643 41 2.6 1591351134
15 1678 43 3.5 1609449535
8 1534 42 2.6 1654434829
325 1827 46 1.3 1711316722
334 1578 38 2.9 1640747725
523 1634 34 1.3 1712734852
434 1698 48 2.8 1680114184
547 1806 53 4.1 1616365258
73 1234 47 3.4 1667619243
398 1301 49 1.4 1601254189
198 1848 49 2.6 1578621625
79 1643 29 1.7 1588908938
234 1556 36 3.9 1594742400
612 1214 42 1.0 1714886464
589 1848 43 3.3 1652827001
156 1423 49 2.2 1639929304
15 1428 46 2.9 1714525401
402 1578 34 4.5 1605067132
128 1578 52 4.0 1657980855
325 1512 34 3.4 1730416802
26 1214 47 2.0 1709630339
612 1512 38 4.4 1618962970
325 1578 42 4.8 1671802537
117 1742 40 2.2 1682367866
92 1203 38 2.6 1670705686
103 1167 46 2.9 1722816371
79 1203 53 4.0 1712195874
234 1214 52 1.3 1593798149
501 1167 28 1.2 1647096412
612 1259 27 1.4 1601819573
79 1869 41 2.6 1719812299
198 1189 52 1.3 1726195466
376 1634 42 1.0 1710683530
612 1189 53 4.2 1578215588
19 1612 30 1.6 1669525917
117 1259 30 1.2 1619079983
467 1445 29 1.8 1615338726
365 1156 48 1.9 1689686301
434 1089 53 3.4 1621922778
389 1763 29 1.6 1658568751
103 1298 39 2.6 1668273792
365 1512 47 3.4 1613584273
501 1612 47 2.5 1686639796
81 1634 39 4.2 1625958330
73 1428 46 4.2 1614820021
589 1869 44 2.4 1710774406
23 1556 46 3.3 1652413824
92 1848 49 4.8 1672836818
467 1827 27 4.7 1661400597
578 1423 54 3.3 1700631087
489 1156 39 4.7 1720667538
31 1167 46 1.6 1682566030
456 1534 54 3.4 1608253752
334 1428 61 4.9 1704030695
94 1976 46 2.3 1617883930
15 1719 49 1.4 1642109260
445 1467 38 3.6 1617031772
92 1698 34 4.4 1654853603
31 1534 30 1.7 1702500014
103 1612 40 2.7 1665407422
19 1089 41 4.3 1733618982
23 1298 47 4.9 1658492247
156 1214 61 3.6 1735067904
478 1656 27 3.5 1652690181
634 1848 40 2.5 1644698737
94 1612 41 4.9 1728674036
547 1643 52 1.9 1652316974
378 1534 54 2.8 1698192454
547 1428 46 1.3 1586728995
398 1698 34 3.2 1719374704
547 1976 43 2.7 1627968700
467 1378 48 1.8 1672985069
365 1578 55 1.3 1584084589
198 1203 53 4.2 1710939078
547 1189 42 2.1 1624024311
81 1827 29 4.7 1685324283
501 1234 30 4.1 1629292256
334 1078 29 4.4 1709288694
278 1656 30 3.0 1659489040
456 1259 42 1.5 1668104411
31 1643 48 4.2 1591777361
117 1534 48 1.7 1704503431
156 1259 49 2.3 1704310601
389 1428 34 2.5 1652307750
391 1489 28 4.4 1600425602
578 1309 47 3.9 1663475866
325 1578 27 4.9 1591364812
612 1643 43 3.1 1615128258
334 1634 49 2.9 1673533577
334 1634 47 4.2 1690252024
443 1156 38 2.4 1728970668
278 1298 44 1.0 1718860911
501 1189 32 4.3 1682773098
389 1156 48 3.1 1694984111
547 1423 46 4.7 1624309124
94 1678 27 4.3 1593195061
156 1203 29 4.4 1724280350
365 1556 42 2.0 1663447883
156 1698 54 3.5 1669978564
73 1534 41 2.1 1699948546
523 1089 54 3.4 1686764339
128 1719 53 2.4 1660604911
325 1203 27 4.2 1653449028
501 1189 48 4.1 1644259920
92 1284 29 3.6 1639233347
589 1742 42 4.0 1691301327
15 1428 52 3.5 1728220274
267 1643 44 1.6 1618654519
482 1156 27 4.7 1634329737
73 1806 34 3.4 1691562852
92 1167 30 2.5 1587617455
612 1234 40 2.1 1585296874
325 1403 40 2.2 1628040111
334 1976 46 2.7 1694035865
478 1445 48 1.1 1585721609
467 1423 42 2.9 1674812102
349 1656 46 3.4 1688440133
376 1827 53 1.3 1590818598
94 1869 40 3.9 1591089807
234 1848 44 1.5 1652810405
103 1428 53 4.5 1604774087
73 1078 43 3.8 1651683677
15 1089 53 2.7 1618641391
612 1742 41 3.4 1580661480
23 1378 39 3.1 1602307702
334 1578 49 2.3 1648121976
23 1156 30 4.6 1721492758
467 1719 49 1.5 1659112394
376 1078 55 3.0 1690357482
349 1784 46 4.8 1591432734
547 1534 32 1.8 1609409056
612 1869 36 2.3 1668949707
445 1378 34 3.0 1695641307
445 1643 39 2.5 1697474773
325 1698 48 4.0 1678533925
156 1089 43 2.5 1675184619
445 1284 54 2.2 1588563982
391 1309 52 3.2 1671294231
117 1403 28 4.6 1635235985
578 1403 38 4.3 1697539464
103 1078 38 1.5 1587760489
612 1827 52 2.0 1691598003
589 1259 54 3.1 1665047307
445 1578 27 1.5 1711195645
547 1089 61 2.9 1643188935
589 1403 28 1.5 1648915496
198 1643 38 4.7 1678627626
278 1976 43 4.5 1665071943
81 1848 49 5.0 1683176314
589 1445 42 4.4 1722006015
187 1634 48 2.6 1714550079
349 1827 52 4.2 1660009599
278 1784 41 2.4 1724966141
278 1203 34 1.6 1653683847
94 1512 52 2.0 1580175363
523 1309 29 3.7 1704696945
103 1089 54 3.1 1693878640
8 1848 61 1.5 1639449145
445 1612 61 3.0 1707559112
402 1612 42 1.4 1673543476
81 1378 53 2.9 1603581112
92 1678 46 1.3 1659004691
103 1428 39 2.7 1645423151
489 1403 42 3.5 1608383854
81 1203 29 1.1 1636141722
398 1284 41 2.5 1686509692
325 1656 43 2.9 1680252549
478 1467 53 4.4 1632162642
547 1643 55 2.3 1577907012
378 1167 44 1.3 1662787892
157 1763 30 2.9 1670926331
445 1259 41 4.4 1636647687
156 1612 36 4.0 1612126198
73 1534 42 3.7 1728475275
334 1489 29 3.0 1690518922
578 1512 34 2.7 1605751128
267 1869 54 1.1 1690703900
578 1234 34 2.7 1662051754
467 1848 49 2.9 1583423867
103 1719 61 3.5 1579893703
376 1234 53 3.4 1732091226
79 1678 36 3.9 1688216860
8 1763 32 4.1 1677202657
456 1378 46 3.0 1725054381
634 1848 36 4.0 1721555663
398 1534 32 1.5 1687221343
501 1742 43 1.8 1601745662
612 1167 34 4.0 1731795351
349 1869 48 1.0 1704127544
103 1719 52 2.0 1586496207
267 1784 47 1.3 1663228188
501 1467 48 3.5 1656710657
547 1848 30 2.7 1658979218
15 1214 34 3.6 1664107554
489 1309 53 3.3 1589369447
234 1534 43 2.9 1694522751
23 1512 53 2.4 1689109084
26 1189 53 1.0 1721888232
26 1643 44 4.7 1709861582
92 1643 48 1.1 1615294892
8 1467 49 1.3 1651174262
634 1234 29 2.5 1677172797
612 1445 53 3.5 1733386940
349 1309 55 4.6 1631824838
523 1284 46 1.7 1708815994
8 1489 54 3.9 1601305417
578 1309 52 1.4 1716322179
478 1156 46 4.2 1644316450
117 1556 44 4.1 1617587230
482 1784 27 1.8 1661592901
349 1643 48 4.6 1629910031
234 1848 41 3.2 1696623286
23 1827 36 4.6 1592356084
117 1203 28 5.0 1619762530
501 1378 34 3.0 1716198658
128 1378 43 2.1 1719919652
94 1214 34 4.0 1657409117
445 1656 48 4.3 1724844267
356 1534 48 4.1 1579711660
267 1848 41 4.2 1714134081
267 1428 52 1.9 1641444955
356 1259 52 3.3 1631991752
398 1634 27 1.9 1638990438
378 1784 44 4.4 1625590777
547 1578 46 4.7 1693596584
398 1467 38 3.2 1714081416
325 1848 53 1.4 1589312214
467 1848 36 4.4 1614147587
94 1763 39 4.5 1584227396
128 1378 48 3.2 1630449895
15 1156 38 2.2 1693991317
456 1976 27 1.1 1657977836
325 1189 34 3.0 1590963224
391 1445 54 1.6 1709197514
31 1423 54 3.4 1696006320
26 1467 46 4.4 1667680801
398 1189 41 4.5 1714526671
73 1869 48 3.2 1639595177
467 1489 28 3.0 1712627826
445 1214 36 4.3 1638050934
356 1534 52 1.7 1679713113
79 1445 46 3.5 1583283198
443 1698 38 1.1 1614668749
31 1189 61 3.4 1660161281
234 1467 52 4.1 1616615260
378 1534 29 4.5 1708864380
23 1784 38 4.4 1578353337
378 1556 52 1.9 1655107561
443 1189 39 1.6 1646278872
187 1848 52 2.6 1635857906
23 1309 34 2.6 1699848949
456 1445 40 3.6 1710459976
578 1423 52 2.2 1628214110
578 1848 52 4.6 1690310794
391 1719 44 2.6 1580206530
589 1234 52 3.2 1714140304
601 1643 48 4.5 1630813141
389 1556 55 4.2 1604162067
376 1869 43 3.5 1621897369
501 1827 29 4.2 1656383171
334 1403 52 4.2 1652290062
356 1656 28 4.9 1616656752
389 1309 55 4.7 1702176547
92 1078 41 3.7 1614631890
478 1167 34 1.1 1724053673
445 1445 42 3.8 1701266050
443 1428 49 1.6 1591494684
578 1634 53 4.1 1717696546
325 1512 43 4.4 1588081314
376 1512 53 2.0 1702309621
612 1378 40 1.3 1668494338
156 1423 55 2.6 1647066008
523 1976 36 4.5 1702603693
578 1203 42 1.8 1621557077
578 1445 42 3.7 1646558310
31 1078 49 1.6 1692382654
23 1189 27 3.3 1667505511
278 1763 47 2.6 1670125187
402 1643 61 1.8 1608423446
349 1698 53 4.2 1679154559
26 1403 27 1.1 1695476946
578 1578 48 2.8 1644332405
434 1534 39 4.3 1601763704
103 1203 41 4.8 1660599671
92 1976 41 1.1 1610855566
478 1309 36 4.1 1618943830
467 1578 49 5.0 1628305367
402 1203 28 4.1 1647210798
612 1719 47 3.7 1681668852
402 1656 38 3.9 1608453263
94 1634 43 4.1 1615001787
349 1403 36 2.7 1659316096
365 1089 34 4.7 1693215093
391 1869 30 3.2 1630892743
31 1309 55 1.2 1727754856
434 1167 53 3.0 1657466741
156 1284 48 1.1 1646455634
523 1656 42 1.9 1719221917
156 1656 41 4.3 1724059973
278 1403 38 1.2 1693614413
278 1378 49 1.3 1578787711
478 1445 49 1.5 1664301546
612 1698 54 3.0 1718169366
278 1976 54 3.9 1716345900
128 1512 52 4.3 1644869566
349 1556 39 3.4 1636920596
325 1848 29 3.7 1684437074
547 1445 34 1.1 1687842539
523 1719 47 3.5 1687164761
15 1156 61 4.2 1715991251
489 1656 29 2.2 1727513744
478 1378 43 1.4 1640379996
501 1234 48 4.1 1582297794
94 1784 32 1.8 1676763020
402 1656 36 1.4 1594683097
612 1578 32 4.6 1644905908
103 1298 43 3.3 1693865510
8 1848 36 2.5 1688375320
482 1698 43 5.0 1699403689
612 1214 43 3.1 1682571256
267 1203 38 4.5 1694296678
467 1643 42 1.6 1654702957
31 1827 39 2.4 1667316661
378 1698 30 2.1 1640427235
234 1534 44 3.0 1584669179
94 1259 46 1.1 1596676782
117 1298 47 2.0 1664003080
612 1189 55 3.7 1687475766
19 1203 44 1.2 1625452112
445 1309 30 4.2 1735072713
398 1467 42 2.1 1645370104
156 1512 52 3.0 1679411422
501 1806 42 2.8 1672079560
278 1259 40 1.9 1673509960
81 1445 46 2.3 1691554205
612 1827 49 2.4 1656756889
325 1189 52 1.2 1724803813
523 1403 55 3.1 1729657766
482 1719 48 3.6 1709262391
92 1378 53 3.9 1599705425
398 1214 49 4.5 1623873934
402 1612 49 4.8 1711273833
578 1534 41 2.3 1586904354
578 1512 36 3.7 1718014346
589 1203 28 2.2 1603364002
92 1234 27 3.2 1667485875
73 1298 53 3.4 1734390749
467 1445 38 3.5 1597896836
73 1512 34 3.6 1696568518
365 1806 34 2.8 1700605414
81 1869 28 3.6 1695537857
31 1467 42 1.4 1727525849
31 1284 49 1.9 1671944512
19 1156 52 4.0 1680104492
15 1719 48 4.8 1718649174
73 1634 28 5.0 1642153200
634 1678 39 1.4 1691230329
445 1869 34 1.3 1655706128
103 1976 52 2.9 1639251294
8 1189 53 2.5 1624616125
278 1189 28 3.5 1581570000
523 1612 46 5.0 1646450584
523 1078 52 1.3 1629522456
612 1612 44 4.8 1732304878
19 1301 46 2.8 1698053820
467 1578 53 2.7 1650062678
378 1643 49 4.3 1676356624
103 1156 48 3.1 1674706971
267 1428 30 4.6 1713124377
378 1869 27 4.6 1694508850
467 1976 54 2.6 1629326597
391 1534 55 4.7 1719349992
634 1806 53 1.5 1727624795
589 1643 48 1.0 1695830650
398 1189 55 3.7 1604302656
156 1784 54 4.0 1658651721
378 1089 46 4.8 1590324770
325 1534 54 1.6 1580507471
31 1512 55 2.6 1599017765
23 1612 54 3.9 1610379500
478 1078 49 4.6 1710961527
478 1259 40 2.0 1656886186
578 1869 61 3.4 1723544009
156 1156 43 3.3 1665213124
376 1698 39 3.7 1622797225
334 1489 36 3.1 1632126298
19 1156 47 4.9 1664773032
601 1698 40 2.4 1720410260
634 1976 47 2.7 1601778625
443 1309 55 4.3 1605815576
365 1763 54 1.5 1673863187
378 1612 41 2.5 1620760516
356 1827 53 2.6 1592224370
634 1742 32 2.0 1690674669
349 1742 32 2.2 1723306268
73 1078 49 2.4 1662783320
117 1467 38 3.9 1622341112
478 1378 34 2.6 1613534700
325 1214 29 1.8 1579968889
489 1512 30 1.5 1610483557
547 1301 28 3.3 1713290761
612 1214 52 2.6 1591415203
501 1203 49 2.1 1601315636
445 1806 36 3.9 1709038870
117 1203 47 3.8 1647738211
601 1578 53 4.9 1675921415
267 1234 48 2.8 1677938081
187 1534 55 3.4 1612083064
445 1423 38 4.7 1591818223
334 1534 40 2.4 1581001132
325 1445 36 2.6 1632328001
349 1763 54 2.6 1649995057
634 1423 44 1.1 1707460849
81 1203 39 2.5 1691083455
467 1284 43 2.9 1679921945
73 1763 44 3.3 1676936161
443 1784 40 1.3 1652842926
467 1156 34 1.9 1717933095
156 1467 28 4.9 1678997417
501 1078 30 2.3 1594547015
157 1784 34 2.0 1668131510
601 1301 61 3.5 1658197281
378 1678 53 1.3 1635597628
103 1378 53 1.1 1579263527
456 1189 28 3.8 1600753931
73 1656 52 3.7 1623119840
612 1423 53 2.2 1628881491
612 1634 41 3.5 1654273230
589 1742 53 2.7 1703919187
376 1784 32 1.1 1648774850
445 1512 41 1.6 1617804507
365 1403 54 4.9 1687590826
198 1189 52 4.5 1581622642
356 1445 34 2.0 1633549929
23 1534 41 3.4 1588425106
81 1489 32 4.9 1704487029
376 1678 53 1.9 1620076777
156 1078 53 3.7 1663065210
157 1848 34 2.8 1608403559
234 1423 32 2.4 1732695568
456 1512 30 4.4 1611946199
376 1698 29 4.3 1585714156
81 1534 52 1.7 1598259444
612 1556 55 2.5 1579587779
434 1976 61 3.7 1700843318
601 1556 42 4.1 1731848118
589 1259 32 2.5 1693039419
376 1403 48 3.2 1594457902
94 1284 47 4.9 1588656250
81 1784 30 4.9 1623614270
349 1643 61 4.3 1670053794
456 1259 38 3.8 1590755078
187 1643 49 1.6 1654349322
365 1259 53 3.5 1666688272
398 1214 39 2.9 1734627072
31 1489 53 3.7 1584892406
365 1284 40 2.8 1578621731
325 1203 42 5.0 1680085476
234 1784 54 4.3 1589218552
23 1848 32 4.5 1676956329
443 1078 52 2.7 1654452214
445 1827 29 2.1 1591801890
547 1259 36 2.6 1588076214
443 1284 27 2.8 1685925924
81 1698 32 4.5 1714869404
398 1784 34 3.1 1677410131
601 1467 34 2.3 1606067950
79 1827 52 2.7 1647544083
81 1643 29 3.3 1674271211
128 1189 44 2.9 1704574271
601 1976 55 1.7 1600302786
198 1467 30 1.2 1691756851
325 1189 52 2.6 1650993691
103 1203 38 2.8 1597434388
578 1234 54 2.2 1713892905
267 1309 49 5.0 1645152227
482 1259 38 1.6 1676495117
92 1534 43 1.5 1601527326
94 1719 34 2.3 1668232464
31 1698 52 4.8 1619859846
443 1309 53 1.2 1663897997
8 1827 52 3.2 1634719282
128 1848 39 3.1 1586571490
334 1512 53 1.9 1726758910
443 1556 27 2.5 1612673768
402 1259 41 2.8 1654723806
117 1612 43 3.5 1600831550
547 1534 48 2.2 1604700045
157 1156 36 4.2 1675575219
482 1556 43 2.8 1612523791
117 1534 49 4.6 1666610651
81 1784 53 1.9 1688339256
456 1259 48 2.7 1662660486
79 1556 34 4.4 1597295537
482 1742 27 4.6 1641105269
198 1301 32 4.0 1647010440
94 1156 61 2.9 1666379327
92 1203 53 3.7 1725826780
482 1678 52 3.5 1605793169
501 1301 43 4.2 1582848153
467 1089 27 2.1 1666760794
482 1643 43 2.9 1602576038
376 1489 55 2.4 1608973603
81 1089 61 3.3 1703575580
19 1445 36 3.7 1637716723
8 1378 44 1.7 1663159679
365 1284 29 3.8 1619859383
26 1976 43 2.4 1725062049
478 1634 32 1.3 1733619645
81 1742 61 3.4 1672995887
187 1214 29 3.4 1654276381
267 1976 40 3.1 1645585684
81 1259 52 2.7 1580371564
94 1827 41 3.0 1617235481
389 1719 52 4.2 1669187749
26 1612 34 4.3 1608250065
94 1784 54 3.8 1614781196
334 1578 30 2.5 1733975072
334 1089 61 3.3 1618710556
376 1612 44 1.1 1644112592
634 1298 55 4.9 1645993457
157 1556 43 4.6 1646127466
434 1403 55 1.6 1672929945
445 1643 52 1.1 1638980492
92 1612 44 3.7 1717215181
92 1189 32 4.9 1718495006
81 1489 53 3.4 1658993898
378 1089 38 3.4 1580251919
334 1534 36 1.2 1724369440
26 1259 36 1.2 1607392043
92 1423 34 2.4 1660947170
94 1512 40 2.0 1616189395
81 1763 32 4.5 1699283976
356 1156 32 3.7 1625703976
187 1848 47 3.3 1679509198
501 1512 49 4.9 1719637306
467 1156 40 2.3 1683402935
157 1309 52 4.9 1611282599
234 1403 47 4.4 1657116126
325 1301 40 4.8 1615000011
601 1259 53 4.5 1611858572
489 1298 52 1.7 1613945773
589 1656 48 1.9 1702538412
578 1634 38 1.7 1731826108
445 1298 47 4.6 1604395807
31 1156 39 2.4 1628611043
589 1784 27 2.6 1612099978
128 1089 54 1.3 1602649820
278 1259 54 2.1 1654190747
157 1612 52 4.8 1681372438
478 1643 54 3.9 1733592427
365 1214 34 4.5 1663749224
589 1445 32 2.4 1607833826
356 1167 27 2.9 1646142759
443 1827 53 1.1 1635423076
578 1423 52 1.3 1641299304
31 1534 48 3.8 1688448042
128 1378 55 4.1 1642502272
634 1234 40 4.4 1656944691
389 1259 54 2.3 1590744280
398 1512 48 2.8 1583324956
589 1189 52 3.6 1689119677
445 1512 61 2.0 1664046530
198 1742 47 3.4 1672810101
79 1378 40 1.9 1653373305
376 1309 61 1.5 1730880352
278 1423 29 4.8 1652123000
612 1167 34 4.8 1580051931
523 1167 61 1.8 1634168565
92 1078 38 2.2 1694796592
31 1403 52 4.8 1653584827
376 1827 36 1.1 1722269361
128 1403 52 1.7 1587170341
365 1467 32 1.9 1732908804
612 1298 47 2.3 1650935817
389 1556 46 1.4 1598602180
128 1512 53 2.8 1720764714
334 1763 42 4.2 1685766696
467 1234 38 2.1 1727810663
402 1428 54 1.9 1656921759
456 1089 46 2.9 1729405558
23 1301 48 4.1 1661083247
79 1534 28 3.3 1609075692
187 1259 38 1.2 1674839500
73 1156 61 1.3 1673864733
23 1534 30 3.2 1579743948
19 1534 36 4.3 1668247387
467 1156 29 3.8 1684188748
187 1214 48 4.9 1600603743
356 1719 29 4.7 1717392849
389 1089 46 2.5 1735151667
23 1189 43 4.4 1672515070
634 1189 55 3.6 1703131337
92 1203 54 1.4 1735159198
128 1378 53 4.0 1593693389
467 1301 27 3.3 1587026694
267 1203 28 4.6 1727966165
334 1634 55 3.9 1676597943
389 1078 34 2.7 1615029109
356 1298 28 1.3 1621398753
612 1719 27 2.0 1581611414
378 1309 49 3.6 1637066040
128 1156 61 2.5 1668783275
31 1378 52 3.3 1727412369
198 1848 47 1.5 1601662492
81 1309 41 4.9 1623690471
589 1763 29 1.0 1642073101
26 1301 36 4.1 1586331326
94 1167 43 1.8 1623887419
267 1656 53 3.0 1721701551
73 1556 36 3.8 1651363889
443 1309 49 2.6 1663030600
31 1719 32 2.4 1691554641
94 1078 49 5.0 1646013385
612 1309 30 4.9 1584762337
391 1489 44 1.9 1597775032
156 1309 38 1.7 1610553712
234 1259 54 3.2 1686861746
501 1827 61 2.6 1710688798
612 1445 55 1.5 1615459604
378 1489 27 1.5 1710008723
349 1156 53 2.3 1610162385
589 1403 42 1.6 1651456098
234 1678 54 4.5 1613507864
578 1403 41 2.3 1602646235
612 1089 41 1.2 1592843529
73 1556 27 3.9 1633292383
589 1869 39 3.1 1581231551
443 1467 53 3.0 1728014796
376 1763 47 1.0 1704158647
398 1489 34 1.4 1730633835
612 1428 39 3.5 1654490262
234 1656 28 3.8 1666233483
81 1698 47 3.3 1656610688
391 1298 29 4.6 1699722449
103 1643 29 4.8 1646908193
156 1089 46 3.0 1579966744
325 1089 36 1.8 1659277130
391 1678 32 3.0 1674277482
128 1156 52 1.0 1587931884
376 1512 32 3.6 1580614095
325 1156 52 1.5 1730171882
92 1976 55 1.6 1712076483
376 1445 48 4.0 1627880050
128 1578 53 4.7 1659850006
94 1612 47 1.8 1714927228
634 1467 49 1.1 1654968408
198 1698 61 2.7 1668700162
523 1167 52 1.1 1634364649
434 1423 46 3.9 1617295553
356 1976 27 2.4 1676711144
443 1719 30 3.5 1630793728
31 1612 44 4.5 1698465326
278 1428 42 3.5 1591614644
278 1428 54 4.1 1660168580
523 1578 39 2.0 1704769970
482 1719 48 3.1 1613860542
634 1428 43 3.4 1582433703
26 1698 38 3.7 1632174269
578 1301 54 3.6 1711003088
489 1467 38 4.0 1592124762
156 1156 27 2.0 1594071063
73 1512 53 1.7 1671971218
356 1512 52 4.3 1691978272
92 1512 53 2.2 1600403616
103 1806 38 4.7 1634035298
489 1763 47 3.6 1625461183
128 1556 55 4.8 1580217676
391 1467 42 2.4 1615517071
15 1784 36 2.1 1676063890
81 1189 44 2.6 1680100622
478 1806 34 3.9 1609070823
26 1489 44 2.3 1665297377
325 1214 32 1.0 1697598647
234 1489 43 3.2 1689507827
31 1976 49 3.5 1586942545
92 1298 41 3.8 1711686962
445 1423 55 2.4 1655936280
445 1445 46 1.0 1657483023
467 1869 53 1.2 1611502575
117 1612 41 4.8 1634040063
356 1301 36 4.3 1642437374
489 1445 43 1.2 1636126083
478 1512 29 2.2 1698553101
589 1643 28 4.8 1709668535
349 1719 46 3.6 1665510521
198 1167 28 4.4 1682013760
73 1156 43 1.5 1593992228
73 1643 30 4.5 1673075019
612 1378 43 2.3 1715657852
117 1869 55 2.0 1672371494
117 1284 39 2.1 1677017293
156 1089 46 3.0 1634673408
365 1078 40 2.8 1638964874
489 1189 54 2.1 1698705558
334 1259 46 3.6 1701795261
523 1578 52 3.0 1599838576
589 1467 36 3.4 1584126951
156 1214 53 1.4 1589097315
267 1189 52 4.2 1727939527
434 1643 32 2.4 1624956743
103 1378 46 4.9 1640135474
8 1403 47 1.2 1723189191
482 1445 42 3.7 1592957695
365 1634 53 1.1 1722834627
389 1763 54 1.6 1688995610
198 1678 61 4.5 1609242567
467 1298 43 4.6 1614751636
398 1234 42 4.7 1621373512
278 1445 48 2.7 1590328000
157 1869 28 3.0 1683987981
398 1078 47 2.9 1586158885
94 1612 30 2.4 1602910782
601 1467 39 4.3 1632973380
349 1403 49 4.4 1585796764
325 1234 61 4.7 1703825189
81 1643 48 4.3 1622086639
23 1976 40 4.1 1698620142
31 1827 39 1.0 1617321288
187 1534 34 3.1 1661565764
445 1489 43 3.2 1705143433
156 1719 38 3.7 1727884304
15 1259 42 4.1 1645526049
79 1445 61 1.7 1689894506
8 1827 41 1.5 1694970698
389 1089 49 4.2 1668707029
23 1428 42 1.4 1696668218
456 1827 41 2.0 1613891318
402 1806 30 1.1 1648050030
456 1156 41 2.6 1605943875
467 1534 29 2.1 1672066189
478 1678 46 1.4 1697155132
19 1284 42 5.0 1711512250
15 1806 53 2.6 1690267804
434 1378 32 4.0 1587035422
103 1719 43 3.3 1608635874
467 1578 28 4.6 1589106828
15 1763 30 2.0 1583968523
578 1203 28 1.2 1634778278
478 1534 28 2.1 1618517292
267 1678 52 1.6 1685513167
365 1403 43 4.9 1609400540
156 1301 52 2.4 1638015200
482 1214 39 1.7 1618784907
117 1423 52 1.7 1586892675
398 1234 48 2.2 1605054021
456 1578 27 2.1 1666132213
478 1214 34 1.5 1643860738
365 1806 53 3.2 1603457167
501 1403 49 4.4 1586062773
94 1848 40 3.5 1642754764
456 1089 46 2.9 1662477680
79 1698 36 4.5 1640164194
94 1976 52 2.2 1660053288
187 1634 43 4.2 1615623758
467 1698 44 3.3 1728176370
365 1078 61 1.1 1605176336
578 1423 28 3.0 1601503522
128 1284 49 1.5 1627725673
601 1078 52 2.0 1717605766
128 1167 46 2.6 1602721221
478 1489 42 4.3 1638802473
187 1445 48 1.7 1632231513
547 1678 32 1.0 1730597490
187 1534 40 1.7 1668630203
157 1445 40 1.1 1671247287
325 1612 29 2.5 1659758778
15 1214 39 4.3 1691613259
589 1403 44 2.7 1668683402
15 1634 46 3.4 1605703011
434 1763 52 3.7 1680655474
79 1827 28 4.4 1703551246
8 1534 55 1.1 1706733127
117 1848 46 4.7 1734169037
81 1806 47 2.3 1728223379
501 1612 36 3.5 1728626897
117 1869 27 1.1 1621619698
578 1578 61 2.5 1679194428
501 1534 28 1.2 1683034217
445 1656 40 1.1 1679496954
445 1512 34 4.8 1591464509
198 1214 36 3.2 1648536479
589 1556 52 1.3 1600453242
612 1827 52 1.1 1663837709
234 1156 29 3.4 1702263095
478 1189 53 5.0 1686287521
157 1612 29 4.7 1689360181
402 1259 49 4.6 1656411189
73 1976 28 2.4 1699904848
478 1156 43 4.9 1727142573
612 1214 61 3.3 1686555498
73 1827 34 4.1 1647581453
402 1284 52 2.3 1649370244
389 1827 48 4.6 1731119844
478 1678 28 4.8 1734932040
467 1578 40 3.8 1658351185
443 1298 39 3.6 1719777179
334 1301 38 3.8 1600814092
103 1234 53 1.4 1675676689
402 1234 27 4.8 1664564392
612 1763 49 4.5 1639915964
187 1656 49 2.9 1688165925
187 1578 52 3.9 1681596491
234 1284 30 4.4 1670477840
234 1309 44 1.4 1673456151
365 1489 28 1.1 1693529573
156 1806 34 2.5 1646325098
15 1234 53 1.9 1687539408
103 1656 40 3.9 1597831562
445 1976 46 3.0 1663118339
402 1167 53 3.6 1723406603
489 1678 48 3.5 1649733479
334 1678 27 4.8 1681069962
94 1869 30 4.4 1667487442
478 1189 52 3.1 1588591364
445 1512 47 4.6 1726520892
478 1634 47 2.8 1627632071
31 1643 48 3.6 1714828867
389 1089 47 2.3 1708592815
92 1156 46 4.4 1704248421
478 1298 52 4.4 1698794153
389 1719 27 4.7 1582919806
365 1467 53 2.1 1594476038
398 1403 46 1.2 1705467251
267 1189 47 3.3 1723619110
92 1848 34 3.8 1625411907
523 1763 48 1.2 1669132553
157 1976 38 3.3 1679532024
94 1719 52 3.9 1639053145
31 1259 39 4.1 1635234500
523 1489 55 1.2 1612131069
482 1156 41 3.3 1633641114
376 1214 41 1.1 1685268919
198 1301 47 2.9 1713195447
31 1189 42 1.4 1676723319
15 1869 30 2.1 1727598403
31 1203 29 1.6 1733350173
389 1656 28 4.8 1673516168
8 1403 39 3.3 1616178847
523 1189 27 1.2 1658203337
31 1556 44 1.9 1668830485
325 1827 41 1.7 1648158504
234 1089 55 4.2 1580078364
92 1534 46 4.1 1681638812
634 1189 53 1.5 1590687097
445 1578 39 1.4 1657514762
198 1869 61 4.5 1694151166
92 1234 28 1.1 1699228105
92 1698 53 2.5 1726937218
334 1976 54 4.6 1625680118
601 1869 30 1.1 1714623006
456 1089 53 1.5 1684022418
434 1719 29 2.5 1681928329
334 1534 52 3.4 1652706684
443 1403 36 3.4 1587521811
467 1167 44 1.3 1605387786
23 1634 42 4.2 1604345582
589 1534 55 2.4 1725627542
389 1428 55 4.4 1661605835
81 1156 36 2.7 1587165191
467 1167 36 2.1 1641343973
79 1156 48 4.2 1700429869
634 1467 46 4.8 1614236605
15 1214 30 3.0 1593735006
434 1827 53 2.8 1590960489
467 1556 46 4.2 1638172042
443 1643 47 1.5 1633586136
445 1742 29 4.0 1684209590
547 1643 46 2.5 1655797279
31 1298 48 4.0 1735338852
31 1298 38 3.1 1711910738
489 1214 48 3.7 1662620563
31 1234 27 1.7 1659640080
8 1806 36 3.5 1708576775
8 1827 29 1.3 1705784826
92 1234 53 2.1 1634218124
157 1167 46 4.4 1665139279
19 1534 27 1.9 1691783257
478 1203 43 2.1 1632041232
128 1428 36 2.4 1632568540
128 1534 53 3.5 1688737599
334 1284 54 3.7 1657119951
73 1467 28 3.0 1612071319
325 1806 53 3.6 1592786829
478 1445 32 1.0 1730061432
398 1089 55 1.7 1628917344
589 1534 38 2.2 1593529687
334 1156 54 4.3 1705982370
376 1309 36 3.4 1656844412
278 1534 38 3.9 1651374441
117 1423 27 3.4 1609678759
94 1298 28 4.1 1716488873
73 1423 40 4.5 1643947613
378 1378 30 4.6 1645508387
156 1848 39 1.5 1714490311
378 1698 41 2.3 1592098676
278 1284 28 1.7 1729599459
8 1512 52 3.9 1668685603
23 1678 52 3.3 1596014470
349 1078 39 4.8 1618939987
634 1423 29 2.0 1619104859
378 1827 29 4.5 1694479595
157 1806 42 3.1 1645442540
467 1698 41 1.8 1607729740
378 1301 53 1.7 1636292428
15 1445 43 4.6 1717821931
92 1578 41 4.6 1598841924
117 1763 47 3.9 1676555377
356 1656 43 3.4 1706193632
547 1403 29 4.6 1728098467
612 1827 61 3.0 1622489819
501 1719 47 1.6 1672596979
26 1742 30 1.0 1719070423
8 1848 41 3.3 1731012256
467 1309 36 3.5 1652303933
467 1512 39 4.4 1669329512
103 1423 48 3.5 1647918080
601 1284 40 4.4 1615986972
634 1428 54 4.1 1729206092
589 1284 27 1.2 1631128614
445 1827 34 3.9 1692569190
612 1578 47 3.7 1603355711
365 1298 43 2.0 1611809970
376 1489 47 1.5 1674652053
501 1534 30 4.2 1623492269
467 1378 46 2.8 1735313671
356 1298 43 2.1 1700799335
376 1089 41 3.9 1713162304
23 1445 34 3.1 1578722877
445 1284 53 1.2 1592111184
501 1742 32 2.9 1715803645
467 1534 40 1.1 1709376157
187 1784 27 4.7 1712458568
612 1489 54 4.0 1650000187
187 1234 41 3.4 1578910109
334 1656 30 4.1 1629914043
456 1259 55 3.6 1579339629
547 1423 53 1.1 1589194156
402 1489 48 3.3 1587454202
8 1428 40 2.2 1687111342
31 1156 38 2.5 1649186872
187 1156 32 5.0 1595647567
482 1259 40 2.2 1670174717
187 1612 28 2.2 1731127140
489 1763 34 1.6 1717470093
79 1259 47 2.1 1659514994
198 1869 46 2.5 1713423307
601 1298 49 1.8 1726747869
391 1423 43 2.5 1601292156
589 1189 53 1.8 1636287926
19 1467 54 2.4 1666191595
234 1189 40 1.0 1729587110
23 1378 41 1.1 1635420734
349 1259 53 4.1 1614648677
81 1167 47 2.6 1725898700
198 1445 47 4.4 1693410618
31 1869 29 3.1 1669840317
378 1423 53 4.4 1593864244
434 1634 49 2.4 1657664597
378 1827 27 3.0 1719830599
578 1489 30 1.8 1679907318
15 1976 28 4.3 1656370405
391 1445 52 4.7 1601452305
402 1556 32 3.8 1705066046
8 1428 55 1.3 1604067134
523 1656 49 3.8 1718842477
103 1259 34 1.5 1589078895
23 1259 47 1.1 1729812742
443 1742 52 4.3 1626813719
356 1489 55 4.9 1585654432
117 1742 40 1.8 1601193936
356 1556 43 3.3 1598047954
378 1489 41 2.2 1652884081
278 1578 53 3.9 1596960688
489 1378 29 4.7 1619185054
349 1848 32 1.9 1644407450
391 1423 38 2.0 1625195938
26 1869 39 1.8 1674925926
73 1378 42 1.7 1672939746
398 1189 41 4.0 1595578367
501 1214 30 4.7 1708276134
8 1156 27 2.3 1711461560
79 1556 28 3.8 1630188536
478 1445 42 1.6 1665187806
156 1156 53 2.8 1584563489
443 1742 61 4.7 1689493472
389 1284 49 4.1 1594804491
267 1298 32 3.3 1587244812
187 1976 53 4.1 1582879448
187 1298 34 1.5 1722852421
31 1467 46 3.8 1670746761
31 1612 52 3.2 1631698448
612 1556 28 3.9 1651023877
482 1378 39 4.3 1734717670
612 1784 41 2.5 1613473475
198 1445 34 1.2 1732453833
501 1203 47 2.0 1724369056
612 1512 49 4.2 1607019940
356 1976 27 2.0 1670565248
267 1428 52 3.5 1699738708
334 1806 36 2.3 1625660990
578 1534 30 2.2 1700789674
26 1869 49 4.3 1735407069
31 1423 27 4.0 1581094640
501 1189 47 4.4 1727754073
156 1534 29 2.8 1698925824
389 1534 55 3.0 1694055847
365 1167 41 2.7 1633153546
234 1827 41 3.2 1704630794
198 1643 43 3.3 1723622863
117 1445 38 4.3 1663434426
92 1167 53 1.3 1596871331
578 1643 49 4.9 1657753042
198 1742 55 2.8 1632030862
478 1556 27 4.5 1634883279
187 1643 52 1.9 1680504101
325 1298 53 1.1 1630110828
612 1742 36 3.8 1624902426
8 1719 53 1.3 1626930801
92 1078 61 2.4 1732575086
117 1534 29 4.5 1594592461
8 1806 53 2.6 1731243600
19 1578 47 1.7 1641445892
547 1089 41 4.6 1674330770
356 1378 52 2.4 1729628099
634 1214 34 1.7 1594691572
612 1784 48 4.2 1609818667
365 1234 36 2.5 1692890542
467 1259 40 3.2 1691975404
391 1189 41 2.8 1637519507
92 1078 29 3.3 1597748653
325 1698 38 3.2 1721776242
391 1634 48 4.7 1656029350
92 1512 29 1.5 1688869117
325 1678 41 2.5 1721168147
478 1634 29 2.4 1716803832
278 1698 53 2.8 1630656088
26 1784 42 4.2 1603756064
482 1612 43 2.1 1609138671
8 1489 53 3.8 1670174924
267 1656 44 2.8 1631926495
103 1167 52 4.2 1716945095
612 1848 28 2.7 1587501554
482 1578 53 2.8 1701476052
156 1848 42 1.4 1696601683
467 1827 42 2.9 1709251378
376 1259 47 2.7 1611501032
267 1089 52 2.1 1634134350
156 1534 36 3.3 1604144930
79 1556 43 3.0 1655701939
117 1556 42 1.0 1590288768
376 1203 44 2.3 1687146871
389 1534 48 3.8 1688306783
31 1848 52 2.2 1692123016
376 1848 42 1.9 1656954630
31 1678 36 4.7 1712851897
26 1156 27 4.3 1708201414
365 1298 49 3.3 1636600076
23 1284 43 3.1 1645944288
489 1869 49 2.7 1600289971
356 1827 53 2.3 1580734030
19 1512 52 2.0 1718394708
94 1489 53 2.8 1661240635
278 1078 53 1.3 1731331521
389 1259 61 3.9 1634751186
398 1089 32 2.5 1631541864
234 1189 61 4.5 1680396387
467 1763 30 2.6 1675880056
156 1078 39 4.8 1626880504
398 1556 43 1.7 1664771613
356 1167 36 1.3 1644087867
547 1378 47 3.9 1653045112
23 1763 39 3.4 1646391528
434 1301 55 3.6 1626049541
334 1428 49 3.6 1657283751
434 1467 55 3.2 1589312457
434 1234 39 1.3 1645511440
578 1445 44 3.2 1581639596
578 1378 39 4.5 1733484769
187 1763 54 1.6 1602408475
578 1656 61 2.7 1722906578
334 1742 44 1.7 1711563932
601 1698 46 3.5 1615973387
117 1719 28 2.6 1733427049
19 1656 53 3.5 1616670655
79 1678 47 3.0 1723712107
325 1612 44 3.3 1626846209
8 1234 47 3.9 1646477597
157 1742 38 3.0 1676975643
19 1234 49 2.6 1703434800
187 1512 34 2.7 1694993063
467 1259 48 3.6 1680402262
365 1698 36 4.8 1728451808
8 1234 36 3.8 1688942435
325 1467 47 2.8 1624359242
612 1556 53 2.8 1677639882
92 1284 52 3.6 1620015851
334 1298 52 3.4 1733992331
612 1556 47 4.5 1649608988
73 1284 40 4.9 1678933038
26 1869 34 4.4 1727081640
501 1203 39 1.3 1701537720
92 1719 47 4.2 1605933005
601 1827 48 3.4 1731916195
267 1534 28 4.6 1673130222
378 1078 53 3.3 1607926665
376 1848 52 1.2 1695399556
15 1976 32 1.5 1587942858
128 1634 41 3.8 1665983973
31 1578 28 4.8 1594929291
398 1534 61 1.8 1711299699
365 1203 49 3.8 1607219307
467 1534 38 3.7 1586596808
489 1643 61 4.7 1705030214
612 1467 32 3.9 1591688077
489 1678 46 3.5 1666906968
73 1719 27 3.4 1635138234
445 1678 48 2.1 1585454520
365 1806 48 4.6 1628067540
456 1445 27 4.3 1596506737
456 1259 52 4.5 1696509480
376 1784 38 3.3 1724107130
349 1489 48 3.1 1711302120
482 1423 32 4.6 1693046965
402 1378 54 1.8 1735158846
547 1534 55 2.9 1619763429
73 1976 61 2.1 1735066545
523 1763 55 2.6 1697297978
349 1428 61 2.3 1721294282
612 1634 27 1.8 1687375118
443 1167 38 4.1 1705663837
325 1556 29 1.8 1627283879
356 1078 47 1.7 1638646097
157 1089 30 1.7 1580341158
612 1423 42 2.0 1615127837
325 1423 30 1.0 1613819064
157 1698 29 2.7 1715076450
612 1445 53 3.5 1725680691
443 1298 49 2.4 1688253761
376 1976 38 3.6 1586924205
23 1656 28 3.7 1581975972
128 1259 39 1.2 1607355531
612 1634 40 1.0 1623275075
356 1806 44 2.5 1723373526
156 1634 28 2.6 1698726529
31 1534 61 2.4 1643597956
443 1784 38 2.9 1677827058
467 1643 30 4.5 1697194022
94 1189 41 3.8 1623262776
278 1556 38 4.3 1611490968
234 1719 38 2.0 1587084997
325 1403 53 3.2 1687031485
278 1698 46 2.7 1634884454
103 1301 47 4.3 1626202315
267 1445 47 3.6 1584608086
376 1489 53 1.4 1587543952
601 1089 52 1.6 1686378497
489 1678 52 2.8 1608428756
234 1678 28 4.6 1591120355
376 1742 61 2.8 1625418928
443 1089 36 3.5 1578666800
523 1827 36 1.1 1588488109
589 1214 30 3.0 1613502033
601 1763 53 3.9 1706341194
26 1827 61 1.7 1683595557
157 1428 27 4.4 1730025771
445 1259 55 1.0 1622020150
81 1848 39 1.7 1664692438
456 1763 39 1.4 1723752573
578 1259 55 3.4 1586643108
81 1423 46 1.1 1609383569
612 1301 32 2.5 1713483445
103 1578 43 3.1 1701749663
81 1284 49 3.4 1697787663
467 1489 61 1.7 1606146712
26 1214 54 2.8 1596674977
156 1634 43 3.5 1677331755
187 1489 47 3.2 1687179925
547 1719 55 4.5 1624203085
31 1869 34 4.3 1688486605
349 1203 40 2.5 1623055509
198 1784 32 4.4 1708434962
547 1578 34 4.3 1628045749
378 1445 54 3.4 1687761487
434 1203 53 1.2 1600769078
26 1284 42 3.9 1735113674
391 1869 28 4.8 1679089323
26 1643 54 3.5 1658118638
612 1189 30 2.4 1658015849
187 1467 47 4.9 1733904973
79 1309 29 4.9 1579788655
103 1214 41 3.1 1711768449
234 1656 52 2.5 1622086090
15 1806 29 2.5 1687534874
8 1719 47 2.4 1621721072
156 1203 40 1.5 1642250601
31 1167 55 2.4 1690846640
128 1742 43 3.9 1587990011
467 1156 49 4.2 1618019117
612 1556 36 3.4 1604783077
547 1656 30 2.7 1598546897
81 1167 44 1.2 1688027161
578 1189 44 2.6 1601723959
19 1556 29 4.5 1634956749
478 1869 48 4.6 1655891339
15 1719 40 3.3 1632818552
389 1534 55 2.5 1631618775
478 1643 55 1.2 1610483158
547 1467 48 3.9 1733549038
267 1578 32 1.8 1586977907
612 1848 53 3.5 1725377222
325 1534 46 2.4 1680560264
26 1298 32 4.8 1626871435
391 1234 28 1.4 1654506204
156 1719 29 1.6 1663060590
578 1445 53 3.9 1715235335
523 1763 52 3.9 1683794206
26 1634 29 4.4 1647617183
325 1976 39 4.4 1605679992
398 1189 30 1.6 1654285155
325 1512 44 2.2 1724675905
103 1234 36 4.0 1653761914
23 1556 46 3.9 1720592543
402 1578 44 3.2 1627451566
578 1976 46 3.7 1646206812
445 1556 53 2.5 1712687013
467 1078 43 4.9 1653076135
81 1534 48 1.5 1619968499
398 1634 61 1.1 1732363160
23 1698 61 3.1 1584980119
634 1678 30 2.2 1703092421
378 1234 32 3.9 1621168943
467 1445 34 4.6 1704055404
443 1167 32 4.5 1588121066
187 1976 53 2.6 1693612400
443 1806 40 1.5 1656074033
612 1656 34 1.1 1712908894
634 1827 55 4.9 1733016179
443 1378 47 1.9 1625104506
612 1678 48 2.4 1605151983
156 1167 34 1.1 1579450733
117 1259 29 1.1 1626072580
94 1678 47 2.2 1596536297
389 1869 54 1.6 1580548911
128 1719 52 3.2 1585552743
334 1578 49 2.1 1594739864
92 1578 30 2.8 1591651217
601 1403 46 3.5 1579111981
117 1167 54 3.6 1652413173
467 1167 53 2.0 1686721866
365 1678 32 4.2 1695215297
334 1214 61 1.2 1646878449
325 1612 39 2.0 1661885772
391 1848 61 3.3 1702783470
398 1309 52 1.9 1604202127
398 1089 42 1.8 1724254505
157 1656 39 4.5 1700415365
23 1284 54 2.2 1667618144
26 1156 40 4.0 1691365622
23 1298 47 4.8 1663067487
187 1298 43 2.1 1693693225
482 1612 44 2.6 1690530553
92 1309 52 1.9 1592594663
365 1301 39 4.0 1591687297
365 1698 48 2.5 1657393976
73 1234 55 3.3 1681861944
398 1512 41 2.0 1634471849
79 1301 54 3.7 1688401272
389 1078 44 1.2 1592708859
156 1309 29 2.6 1656070812
267 1556 42 4.5 1728382867
578 1428 27 2.7 1679408701
234 1301 43 1.0 1618485674
634 1167 53 3.4 1588364513
31 1976 41 1.8 1627631187
478 1189 55 3.7 1676454521
365 1309 54 1.0 1678031947
378 1378 48 3.2 1683220824
349 1534 44 1.2 1694904828
234 1378 28 1.5 1697472015
19 1167 36 2.1 1594717240
73 1534 46 2.0 1596475719
456 1203 53 1.5 1703273730
612 1167 34 3.8 1596266001
378 1869 40 2.0 1678453408
103 1284 43 4.7 1608432187
92 1719 44 4.4 1660236576
234 1976 52 4.3 1590153723
8 1214 32 1.3 1586634668
376 1284 41 3.1 1732657566
578 1848 36 3.9 1669760603
378 1214 39 3.5 1615188386
365 1556 55 2.8 1660595028
391 1656 61 2.8 1733871253
391 1643 53 1.9 1639741845
482 1976 39 3.3 1599086986
467 1634 52 1.7 1639053270
198 1309 41 4.5 1709600089
117 1698 28 2.8 1696714081
482 1301 47 1.6 1712429567
81 1309 40 2.7 1674337986
128 1742 42 4.5 1609913758
489 1089 36 3.8 1624936992
117 1719 27 4.5 1665039144
128 1634 61 3.4 1682393979
356 1234 47 4.0 1721437416
128 1634 28 2.6 1690425404
73 1403 49 1.8 1579277626
445 1423 46 1.6 1700971694
356 1806 34 3.7 1596316657
547 1848 46 2.7 1732034363
634 1203 52 3.3 1647614914
8 1167 38 1.2 1606689460
26 1309 38 2.4 1713616067
31 1534 53 2.1 1726672568
612 1234 39 3.2 1651575149
389 1403 55 1.1 1722733465
612 1089 52 3.3 1598593270
467 1656 46 4.6 1640705441
489 1298 39 4.9 1688000273
334 1678 48 2.3 1696742195
478 1678 40 1.9 1656240360
482 1189 52 3.6 1613527039
456 1378 44 4.7 1645395731
612 1189 41 4.8 1648743981
15 1976 47 4.3 1709617366
467 1643 48 1.4 1700701544
73 1428 41 4.9 1677095432
157 1309 61 1.7 1654698182
81 1309 53 1.9 1663443560
23 1512 54 1.7 1654347354
128 1214 32 1.2 1603015854
389 1784 42 4.2 1700419022
103 1634 28 1.0 1622662094
467 1284 49 1.8 1718634303
26 1489 49 1.4 1676756812
478 1678 55 2.0 1592639622
26 1806 27 4.0 1698702511
79 1634 49 3.8 1701600848
234 1869 44 4.2 1602156620
15 1534 53 3.3 1691792957
482 1848 40 3.4 1699736345
23 1698 55 1.5 1603672627
156 1656 36 2.3 1660356098
467 1309 55 3.7 1675013006
456 1806 47 1.8 1723862666
456 1214 44 1.6 1604748493
73 1259 40 4.5 1686473005
467 1556 55 3.1 1713741543
23 1445 30 4.3 1708283134
482 1556 27 4.8 1624995924
443 1428 27 3.5 1723946048
26 1428 28 2.8 1635471328
325 1189 40 3.0 1665131856
482 1742 54 3.4 1703022411
478 1301 52 1.8 1670022346
467 1301 39 3.5 1656391185
73 1089 32 4.0 1637586234
79 1403 43 3.0 1614218596
612 1214 38 2.5 1687809634
443 1806 28 3.9 1711303910
402 1719 40 1.2 1711747329
31 1512 47 1.8 1654396080
79 1556 34 2.0 1635969955
434 1078 28 4.4 1638665148
434 1089 52 1.2 1599601823
23 1534 29 4.3 1579112026
278 1848 61 3.5 1600635965
325 1698 39 3.0 1631125588
356 1259 39 2.1 1610204234
612 1423 41 1.1 1640230612
378 1763 47 3.9 1622964011
31 1284 42 3.6 1630402407
267 1445 53 3.4 1687128602
349 1534 49 2.5 1698147341
612 1428 30 2.9 1662175152
478 1445 49 4.0 1722618742
31 1784 53 1.7 1719333703
601 1203 41 2.9 1661203430
389 1848 38 1.8 1602866556
634 1445 54 1.7 1643374123
523 1534 52 1.1 1619841036
402 1259 40 2.9 1680599852
15 1634 29 4.1 1691935323
94 1214 32 1.5 1701438834
482 1869 46 2.3 1699116688
391 1784 28 1.5 1697861222
187 1634 49 4.2 1634425906
92 1378 48 2.6 1618921161
612 1403 42 4.4 1652148145
402 1489 30 1.3 1660769273
443 1763 48 2.8 1732938725
128 1742 53 3.3 1614177134
547 1284 27 2.1 1681763974
634 1719 52 1.1 1694628853
356 1512 27 3.5 1719513059
103 1976 53 1.8 1647032941
601 1423 36 4.7 1592040821
325 1763 42 1.3 1595160623
31 1784 42 5.0 1686686749
8 1719 52 1.7 1648074777
128 1634 49 2.9 1715272076
349 1284 52 3.9 1605235650
325 1869 40 3.9 1626210501
356 1203 34 2.7 1623587839
376 1445 38 1.2 1635018270
489 1976 28 2.4 1658106193
376 1428 55 2.6 1624866262
612 1078 55 3.3 1701575261
398 1189 29 2.9 1723465514
612 1678 48 2.1 1651291032
94 1378 28 3.8 1647211382
349 1534 61 2.6 1640030758
391 1634 32 1.6 1702139477
523 1848 46 4.7 1704649148
156 1634 43 2.0 1673830294
601 1309 48 3.4 1704717034
578 1403 40 1.7 1715767776
489 1656 30 2.9 1581274991
8 1643 44 2.3 1609412814
128 1284 48 1.4 1644777233
278 1428 53 4.2 1726220667
79 1512 39 1.2 1653374905
8 1203 28 5.0 1681711449
26 1089 40 1.5 1651242592
478 1189 52 2.4 1720706054
23 1089 53 1.3 1580947248
187 1156 54 4.8 1712064785
234 1298 54 1.2 1682818756
389 1203 49 4.8 1681912426
15 1678 34 2.8 1698938198
489 1445 36 1.5 1697147954
391 1203 55 1.4 1684406290
523 1156 41 2.7 1649005160
334 1423 54 3.8 1687705732
198 1698 48 4.1 1624748414
187 1259 43 4.5 1701508089
19 1423 48 4.5 1629812122
234 1189 54 2.0 1720333090
389 1578 30 2.1 1664762420
376 1556 38 2.7 1698515828
376 1806 27 3.6 1609738859
501 1259 38 3.2 1626940988
612 1167 54 3.2 1659687858
8 1089 34 5.0 1628983471
489 1298 43 3.1 1644820754
103 1309 54 2.7 1708555456
325 1089 39 2.8 1709810792
325 1423 46 4.9 1734434304
478 1698 53 1.9 1722897765
15 1378 32 2.8 1715223337
92 1634 40 3.5 1619423889
73 1445 40 2.5 1696135350
23 1512 41 4.1 1613728121
73 1489 46 4.9 1656325132
349 1827 39 4.7 1703707925
334 1656 61 1.7 1623832076
15 1378 28 1.3 1583164526
547 1428 42 1.3 1664370787
128 1423 53 3.2 1592488471
365 1784 38 1.8 1723855876
467 1167 40 1.6 1726922280
478 1167 40 3.0 1599482749
117 1763 49 2.5 1611719338
589 1301 53 3.5 1656907242
156 1259 32 3.9 1688027594
103 1301 54 3.5 1654246781
391 1156 44 1.1 1720128734
349 1678 46 1.6 1648322022
156 1534 53 2.1 1595854337
156 1189 32 4.3 1621601447
489 1976 47 1.4 1678071045
278 1189 41 1.5 1672059364
445 1089 30 2.2 1598766252
157 1534 54 3.4 1627929638
378 1848 52 4.4 1619496215
103 1678 54 3.3 1677406893
267 1742 53 2.0 1675524337
15 1403 29 4.9 1735468733
73 1378 34 1.1 1608572798
523 1489 32 3.3 1694275477
489 1742 43 3.9 1693470936
267 1309 53 4.5 1700831445
117 1445 61 3.1 1652253454
325 1467 43 1.5 1654628955
187 1827 43 3.1 1700499790
445 1512 52 1.6 1657738647
376 1512 30 4.8 1686261590
117 1156 29 3.2 1701514637
378 1634 41 4.4 1716426364
8 1467 52 1.4 1671534007
434 1678 52 1.5 1725446182
157 1284 52 2.9 1657734122
92 1634 43 3.4 1658808272
456 1698 52 2.3 1610784945
349 1719 34 3.2 1582316332
31 1612 28 1.7 1614760405
402 1512 52 2.1 1675911454
489 1848 40 2.3 1636965368
398 1284 34 3.0 1668138506
267 1763 29 3.4 1679943281
601 1512 40 5.0 1664457843
157 1634 34 3.4 1647652489
467 1742 49 5.0 1641870749
391 1403 38 2.0 1672110993
156 1423 55 4.5 1588114157
578 1445 47 2.7 1608009079
278 1848 42 3.1 1644398244
334 1445 53 1.9 1630888033
589 1678 27 4.7 1710867285
117 1189 43 3.8 1684988883
578 1848 34 1.0 1618690672
198 1078 46 4.1 1674078850
501 1534 32 2.4 1629213613
94 1763 52 2.9 1607300101
156 1806 28 1.6 1634769054
456 1284 40 1.5 1697642709
128 1806 61 1.1 1607159434
489 1976 41 3.4 1685892613
198 1656 29 2.3 1620338599
376 1301 47 2.2 1596572013
578 1309 54 2.0 1586361977
92 1167 32 2.0 1730068044
612 1167 32 3.9 1663441793
157 1656 55 4.6 1598385723
92 1489 39 3.0 1695771818
278 1089 34 2.5 1582904913
445 1467 27 4.6 1655396415
278 1763 49 2.0 1724817896
128 1167 54 3.5 1712878406
389 1309 34 1.3 1700511049
356 1284 53 4.6 1662799135
349 1467 28 1.2 1607986981
19 1643 61 3.3 1722380670
589 1612 34 3.6 1656133039
103 1259 44 1.3 1668746387
157 1234 32 4.8 1610778663
547 1378 28 3.7 1724113874
157 1534 47 4.7 1714132440
157 1634 32 1.1 1716817114
482 1643 48 4.5 1633465271
117 1189 42 4.2 1728411597
467 1234 30 1.9 1721765379
443 1719 44 4.6 1703168138
402 1378 48 1.2 1720032754
478 1534 54 3.2 1656726512
92 1156 43 2.6 1713616552
612 1203 47 1.8 1598287562
234 1428 53 3.6 1618086666
325 1719 44 4.9 1712822278
501 1719 42 1.6 1659274632
278 1534 49 3.9 1712868737
523 1612 43 3.6 1624966958
612 1678 43 1.8 1675125246
376 1403 32 2.3 1616521945
19 1512 39 3.3 1690461776
15 1214 42 3.0 1631655763
267 1234 28 2.8 1734337407
117 1378 30 4.5 1640169478
94 1489 53 2.3 1678936205
334 1423 30 2.9 1614625464
489 1556 32 3.7 1656902276
128 1489 29 4.9 1643362656
445 1512 53 4.5 1707799739
389 1763 46 4.9 1735538511
398 1156 52 4.8 1585109678
634 1534 41 3.1 1664157151
443 1423 41 3.2 1682478186
31 1763 54 4.2 1635812198
26 1742 29 4.9 1617512455
578 1556 49 3.9 1600199195
8 1203 38 4.6 1639126831
456 1698 41 2.7 1590351081
456 1423 49 2.3 1628357284
19 1869 39 3.4 1713023599
334 1078 53 2.9 1693314157
402 1763 55 4.9 1702692911
601 1428 34 3.5 1710158647
19 1763 47 4.5 1727451883
234 1556 28 1.6 1688173867
19 1301 53 3.5 1732639655
376 1534 61 4.3 1704183135
482 1534 48 4.1 1624313422
376 1643 29 1.4 1634305641
73 1298 39 2.0 1703453428
278 1976 32 2.4 1655894070
578 1378 53 4.9 1592024666
349 1259 53 2.2 1578650705
234 1634 54 2.5 1610159970
198 1534 55 1.2 1725012574
157 1784 27 4.9 1690480280
349 1534 36 4.5 1711705884
79 1534 30 3.5 1637943555
478 1719 41 1.0 1583635107
349 1784 27 1.4 1657493595
356 1167 41 3.9 1643642007
31 1678 36 2.3 1630470690
501 1378 52 1.9 1623586741
31 1298 34 4.4 1690208356
73 1976 54 3.5 1607048051
278 1298 39 1.6 1679976562
81 1259 29 1.4 1715736593
234 1578 29 1.0 1652393693
31 1848 44 3.8 1702995620
547 1848 54 2.5 1653185908
378 1089 39 2.0 1593261307
325 1869 32 2.0 1599810226
79 1428 27 1.8 1697438535
434 1656 29 1.4 1732738031
157 1827 53 2.5 1681116011
389 1445 34 3.2 1634798352
73 1612 42 1.6 1697958042
15 1203 46 3.1 1728422024
117 1612 29 3.7 1617049367
81 1298 30 2.2 1608090644
94 1656 53 4.4 1604058571
23 1089 28 1.2 1653622687
578 1698 32 3.1 1664165423
73 1167 47 2.3 1731801728
443 1089 34 4.6 1719544022
31 1556 55 2.2 1593960240
156 1534 36 4.6 1663860416
578 1827 46 4.7 1674658677
523 1719 36 3.7 1645189680
402 1259 54 1.5 1730562857
398 1656 38 2.4 1599446841
128 1234 44 2.8 1725337613
443 1976 46 4.1 1711564140
501 1806 44 3.3 1634841517
547 1203 54 1.2 1735568433
81 1556 52 2.1 1703945168
365 1634 48 2.1 1621452086
349 1167 54 4.7 1681106037
365 1214 28 3.9 1636166084
443 1806 49 3.7 1582394933
8 1806 34 4.6 1731929728
434 1234 61 3.5 1692259166
589 1698 47 4.7 1596920582
601 1189 55 1.4 1670743405
73 1234 27 4.5 1698281874
376 1578 43 2.4 1589510000
467 1156 28 3.3 1660681488
523 1534 47 3.2 1637067929
402 1167 38 3.6 1580397445
634 1698 52 4.5 1614774631
391 1214 53 3.3 1591015305
501 1089 29 4.9 1604400965
445 1827 61 4.1 1644394571
391 1156 28 2.3 1680131444
365 1698 28 3.7 1696194168
234 1445 41 2.2 1597699197
434 1467 54 1.5 1607654644
589 1259 46 3.8 1669247757
467 1284 38 2.7 1583140303
15 1869 30 1.1 1690310767
376 1534 46 3.5 1671260884
81 1301 43 4.8 1601636691
81 1156 46 2.4 1629548216
376 1784 46 4.4 1641764874
128 1678 52 2.8 1636819456
81 1467 49 2.3 1605540575
443 1643 28 2.6 1578073111
81 1512 39 2.8 1593628041
278 1167 42 3.4 1582475032
356 1643 53 4.3 1579512660
157 1423 46 1.5 1652009549
234 1612 43 2.8 1611317941
15 1156 54 1.5 1656247807
26 1534 46 2.8 1729112778
578 1489 39 1.4 1703404794
267 1643 29 3.0 1613386124
589 1534 34 1.5 1728013500
128 1403 52 3.8 1666219210
103 1678 44 2.5 1652047493
489 1167 40 2.2 1580540217
15 1489 44 3.1 1599534368
378 1467 36 1.9 1578107570
391 1643 61 1.9 1669794069
467 1445 28 1.5 1589013456
489 1234 38 2.7 1618847372
23 1656 42 4.5 1670019499
234 1467 29 3.7 1589377618
128 1078 36 3.5 1677019168
92 1643 49 1.2 1618318603
92 1234 29 4.5 1630159754
267 1467 39 4.6 1628380158
489 1612 39 2.3 1619398815
31 1976 34 2.1 1617054260
356 1156 32 3.6 1696990261
501 1445 41 4.0 1665072862
117 1467 32 2.9 1643878994
478 1806 29 1.9 1708315582
547 1259 42 2.2 1660499675
157 1678 41 1.3 1635969000
349 1156 53 1.2 1596571341
365 1698 44 3.2 1670307424
31 1698 28 2.2 1658379623
391 1656 49 1.8 1656238443
612 1214 42 1.4 1700240706
489 1284 27 2.2 1605701454
467 1698 40 4.5 1729186713
187 1678 53 1.5 1637279995
365 1612 47 3.2 1709933914
378 1976 48 2.3 1656483475
92 1489 61 3.1 1689069929
31 1214 49 1.7 1641445467
612 1698 61 2.8 1616872290
157 1643 29 3.7 1622509217
23 1234 61 1.2 1681666548
81 1698 28 2.5 1690806857
128 1234 44 3.4 1624505811
467 1634 36 2.4 1588857229
467 1827 38 1.3 1675759966
456 1643 46 2.3 1589208551
31 1189 49 2.6 1642339981
434 1534 43 2.8 1629982447
117 1719 55 2.0 1678711445
15 1784 49 4.5 1718280042
334 1284 28 4.6 1634339164
234 1298 61 2.9 1609794812
578 1719 27 1.1 1607498153
389 1301 46 3.1 1619137889
325 1489 47 4.7 1636781743
456 1445 30 1.2 1597552995
19 1643 41 1.9 1717331779
267 1489 48 1.2 1691998094
467 1234 53 2.0 1690640942
501 1534 46 1.3 1589685268
73 1869 36 4.6 1657609757
234 1534 47 4.8 1699522773
634 1203 36 1.6 1608668932
19 1214 52 2.6 1719552483
156 1445 29 3.1 1581067254
73 1428 54 1.6 1725305158
156 1634 40 4.1 1687312845
128 1298 34 4.6 1728411731
19 1634 34 3.8 1579815023
378 1634 28 2.2 1631894971
501 1428 42 1.1 1727112897
376 1763 52 2.0 1600761572
128 1976 53 3.5 1583642756
612 1976 61 1.1 1606463057
349 1512 27 4.0 1671016315
26 1428 36 4.4 1651185013
634 1189 52 1.6 1683764079
634 1078 28 1.8 1690892937
391 1763 43 4.9 1656760653
325 1678 34 1.9 1578509400
79 1678 52 2.5 1704220359
445 1403 30 2.2 1614986308
365 1698 53 2.5 1587209874
578 1556 55 1.6 1676068679
103 1445 41 1.9 1727308280
198 1976 49 2.6 1656606161
376 1378 49 4.9 1595067823
578 1643 53 1.7 1698948336
198 1656 44 2.5 1668014361
278 1214 46 4.5 1673859036
398 1467 52 2.9 1590138383
398 1189 48 2.7 1579733987
482 1089 43 3.3 1698308791
456 1403 61 2.5 1641345301
467 1301 29 3.8 1728129060
467 1428 39 1.1 1659496072
94 1309 28 4.1 1690745266
117 1378 42 3.7 1709631887
389 1284 53 1.3 1626597173
402 1189 54 1.4 1725842507
19 1806 38 1.2 1599543694
94 1643 30 4.3 1645319747
589 1403 27 4.4 1616039944
398 1678 52 1.2 1691902294
103 1634 27 3.8 1663064516
79 1742 55 1.3 1715600144
31 1534 42 1.5 1676569191
94 1512 47 3.6 1687330102
325 1423 28 3.3 1714311473
19 1643 44 2.8 1596437925
23 1534 53 2.7 1630941888
81 1719 43 1.4 1644663174
523 1423 40 2.9 1659669088
612 1156 32 4.8 1669911316
73 1869 52 4.3 1720139324
325 1284 36 3.7 1719701502
482 1784 38 2.5 1691098404
478 1078 48 3.5 1587577236
482 1643 34 1.5 1604758613
402 1806 52 2.3 1586220037
478 1784 46 2.0 1619467210
103 1512 53 1.1 1677875331
578 1719 29 3.2 1596175461
482 1512 48 4.2 1711569081
73 1445 39 1.2 1580146082
501 1806 44 4.1 1592488498
31 1167 44 1.7 1678622798
445 1298 41 1.1 1667474718
15 1534 38 2.8 1653280390
234 1301 34 1.8 1661034422
389 1512 54 4.1 1599179834
445 1763 27 3.7 1714524506
349 1203 43 1.8 1596621105
73 1156 39 4.7 1630390824
156 1763 43 2.6 1676029986
15 1167 44 3.5 1672624078
378 1827 39 3.8 1590848649
157 1234 52 2.4 1598487183
489 1203 55 3.9 1625078464
26 1428 27 4.2 1617749871
389 1806 41 2.4 1612721467
92 1203 39 1.4 1602332266
187 1784 54 3.2 1674916909
467 1156 28 1.3 1685282952
434 1763 32 3.2 1652384999
117 1378 39 4.3 1667666210
489 1403 49 4.5 1586902668
356 1445 54 4.6 1702202890
198 1763 61 3.6 1730937102
389 1167 49 4.8 1676125138
365 1806 27 1.7 1625281110
267 1467 44 2.9 1679024116
612 1089 52 2.1 1604516098
501 1512 40 1.2 1716957979
128 1156 47 2.2 1619293666
467 1976 38 3.1 1603267486
467 1403 46 4.1 1701560683
128 1378 36 3.5 1618096903
81 1556 52 3.3 1702667132
391 1763 53 2.5 1647077670
19 1259 40 2.8 1728340043
589 1976 28 2.3 1723773730
391 1612 44 4.5 1676626329
445 1489 30 3.7 1598406625
482 1848 52 4.1 1631209256
356 1698 52 2.0 1706549784
94 1763 36 3.8 1601806206
356 1284 39 1.4 1683213376
128 1534 47 2.5 1590834788
467 1742 55 3.7 1592618452
349 1489 53 2.9 1643906570
156 1259 61 1.6 1716043511
325 1467 52 4.0 1670816732
612 1698 47 1.6 1704295617
325 1784 47 1.1 1585316756
267 1678 41 4.9 1643894987
234 1309 49 2.8 1686327411
157 1403 29 3.6 1617546419
434 1378 39 3.4 1670030302
128 1489 34 2.6 1687812609
156 1489 39 4.4 1584778017
434 1298 39 1.8 1701713951
278 1612 30 1.6 1594565766
612 1214 28 2.1 1609245201
234 1428 34 1.6 1616229686
187 1534 48 4.2 1714933706
278 1678 43 1.7 1594433552
482 1698 52 4.5 1698093125
117 1612 52 4.3 1630746003
589 1806 36 2.8 1649491773
501 1378 27 1.3 1717234614
349 1678 43 4.4 1730777318
467 1309 47 1.4 1731003102
81 1634 40 1.2 1615668191
634 1189 47 2.5 1733772292
456 1259 36 4.2 1614921855
26 1214 54 3.8 1586353602
402 1445 53 2.1 1708982232
267 1214 27 4.9 1619379219
589 1234 53 4.4 1677121753
402 1534 34 4.9 1665045336
443 1309 46 1.2 1630719015
378 1763 32 4.9 1684507650
601 1578 38 4.9 1585684102
578 1089 27 4.3 1611114881
501 1763 48 3.5 1729478417
349 1167 53 2.5 1606510995
19 1719 28 3.5 1693621827
389 1445 53 2.6 1728589091
19 1848 47 3.5 1642636317
443 1259 53 2.7 1625161277
589 1298 46 2.9 1668333719
634 1612 27 4.2 1695219796
325 1156 47 3.9 1607242909
589 1378 42 3.8 1664377625
489 1848 54 2.5 1715424399
79 1298 28 4.7 1624182840
103 1078 47 3.3 1694746021
612 1634 43 2.0 1721201911
489 1719 27 4.1 1700481053
267 1428 28 2.8 1734807874
79 1578 29 4.4 1607909397
278 1719 54 2.3 1663825412
391 1214 48 4.3 1641815584
523 1634 38 2.7 1723649525
634 1534 55 3.0 1579199657
349 1234 52 1.0 1722026220
612 1467 34 1.7 1663169101
325 1489 53 5.0 1717745590
15 1403 29 3.4 1668647292
356 1203 61 2.7 1584049993
15 1643 29 4.7 1588944857
94 1612 34 3.6 1688619146
267 1214 46 1.8 1633556821
376 1534 38 3.8 1653491952
443 1719 39 4.3 1610640819
325 1423 42 1.8 1635389924
489 1534 53 3.9 1635323957
501 1656 52 3.1 1587665840
365 1234 47 1.9 1631813481
589 1214 46 2.1 1590229076
389 1578 42 1.1 1623593258
523 1578 46 4.4 1606924170
187 1827 29 2.4 1715104091
398 1976 46 3.4 1653185483
349 1298 42 1.4 1626009080
92 1869 54 4.1 1668220001
612 1423 54 3.7 1594349537
501 1848 30 1.8 1615563291
81 1656 47 4.1 1616169530
467 1784 36 3.1 1628648612
467 1378 49 3.7 1658680085
482 1534 54 1.6 1663557182
278 1612 32 4.5 1669522794
398 1656 53 2.7 1709300675
402 1203 29 2.0 1716790635
482 1784 40 1.8 1656299500
589 1578 36 2.0 1711959716
402 1678 46 2.9 1710353728
434 1678 49 4.1 1688177378
73 1678 30 2.7 1588945631
156 1763 40 1.8 1660097502
234 1656 39 2.6 1579812578
73 1612 39 4.0 1629340044
434 1403 44 3.8 1693886909
365 1156 27 3.7 1691049652
234 1634 55 2.7 1720369217
26 1678 53 2.1 1654234489
612 1742 54 3.4 1614836779
443 1078 52 2.4 1678045419
601 1189 48 2.4 1591960495
443 1869 55 3.8 1664710786
434 1556 38 2.0 1671595136
501 1156 53 4.5 1720610306
478 1214 52 1.6 1666430124
15 1089 30 3.7 1583244598
501 1214 41 2.0 1718744091
157 1719 47 1.4 1726101971
612 1976 42 4.1 1640336740
501 1309 30 3.1 1630120741
81 1467 42 3.8 1591655593
334 1445 52 2.6 1646619349
467 1534 32 4.9 1658748638
467 1869 34 4.4 1645248951
589 1534 28 4.2 1707026515
156 1445 36 2.1 1676538737
378 1189 54 4.4 1731338332
434 1643 39 3.3 1618120895
489 1298 36 1.3 1632383536
156 1259 28 2.2 1579268522
198 1428 44 3.7 1716807984
157 1378 52 2.3 1581965450
157 1534 61 3.8 1648290172
157 1806 30 5.0 1608583280
157 1378 52 4.8 1666021994
156 1578 49 1.2 1584248058
589 1423 61 3.3 1712964310
234 1763 29 1.6 1637516976
456 1612 41 2.6 1664569296
467 1719 28 2.2 1706922579
601 1234 30 3.4 1643712955
612 1203 38 2.3 1676727622
198 1403 32 4.2 1684737559
523 1298 39 3.8 1717998071
23 1428 27 1.8 1593398048
128 1678 49 1.4 1634319524
334 1534 54 3.2 1649134550
92 1719 32 4.9 1690350913
234 1309 52 1.6 1677885859
389 1763 38 3.9 1661510820
501 1678 30 1.4 1733836444
378 1534 36 1.3 1735316877
402 1698 46 2.7 1653201597
156 1489 43 3.6 1698976898
634 1827 34 2.6 1583700219
378 1078 38 1.5 1601845862
278 1489 39 3.4 1594395847
198 1763 38 4.2 1696597574
482 1612 49 3.9 1716470048
187 1301 44 2.3 1659720497
26 1512 43 4.2 1670862702
19 1467 54 4.5 1659527504
278 1467 39 2.4 1604147976
445 1827 30 2.9 1634672310
81 1678 41 2.7 1692993933
92 1784 36 3.9 1631936630
187 1467 34 1.9 1582256550
73 1301 43 4.9 1732229474
23 1656 47 3.7 1654463268
501 1284 32 4.2 1720686137
81 1534 34 3.5 1732010630
578 1656 40 3.6 1598393499
434 1612 54 2.5 1702625382
157 1284 29 4.6 1640283607
156 1612 28 1.4 1646875166
612 1259 30 3.5 1582460672
79 1578 30 3.5 1643403543
15 1259 41 2.8 1716215943
443 1445 42 3.3 1577960099
79 1167 49 2.6 1599970284
94 1578 53 4.7 1732424592
23 1428 61 2.9 1603535595
26 1512 29 1.9 1623089508
578 1678 53 4.8 1678009832
128 1445 54 1.4 1659445165
612 1189 61 2.4 1647496596
198 1578 39 2.3 1708672579
356 1445 54 2.1 1608866362
391 1656 42 3.1 1591115562
601 1869 52 4.1 1668811726
578 1698 49 3.3 1607850100
94 1078 41 2.8 1690910916
94 1156 32 2.4 1627499262
79 1403 55 5.0 1622725924
31 1784 29 3.4 1699549825
601 1656 27 2.3 1723913192
443 1301 41 4.0 1662106165
31 1742 40 2.1 1636409252
267 1698 32 2.2 1634150535
26 1784 42 1.8 1650829725
94 1698 52 4.2 1649533045
389 1656 42 1.4 1579568237
278 1612 27 2.8 1631107213
612 1298 49 1.9 1702331113
456 1848 47 2.7 1733264540
402 1643 55 3.9 1610998367
349 1698 41 5.0 1581545713
325 1534 47 2.6 1715219658
356 1534 61 1.8 1582191512
501 1534 52 4.8 1730221980
26 1534 46 2.9 1595510662
445 1234 48 1.8 1656823389
23 1698 30 4.0 1727065695
26 1167 42 1.9 1683654445
482 1656 34 4.9 1605174134
356 1643 34 4.5 1714088291
128 1156 53 2.8 1673533199
8 1298 29 2.2 1609589515
31 1678 27 4.1 1687130338
157 1612 47 4.8 1620262317
23 1203 42 3.1 1586978333
445 1534 36 1.3 1655137092
81 1467 44 1.2 1597453923
157 1445 32 2.2 1620388627
128 1467 38 3.1 1658445961
398 1234 34 1.3 1689993368
547 1512 27 1.0 1707688977
23 1167 46 2.8 1636501623
267 1167 39 4.4 1633480131
92 1806 30 1.1 1631627419
278 1612 47 4.8 1673529910
612 1298 29 2.1 1601377619
434 1698 46 3.9 1591654405
523 1827 28 2.2 1610632252
81 1719 52 2.2 1696497549
402 1378 36 4.3 1673474404
15 1556 61 2.6 1621588807
349 1848 53 3.1 1678672910
523 1403 49 2.4 1634092515
234 1719 34 3.8 1630746465
389 1869 29 1.6 1672773916
376 1403 32 3.3 1697430105
117 1423 52 4.2 1581862415
378 1467 28 3.3 1644694002
325 1848 28 1.1 1606968955
445 1656 61 3.7 1693812697
92 1869 61 3.1 1606364428
92 1203 53 2.0 1627372847
187 1284 39 2.8 1612708550
365 1234 29 2.7 1654034861
325 1534 52 3.5 1582954559
376 1656 52 4.9 1650371019
94 1742 54 2.6 1591791657
278 1423 34 2.9 1637803672
23 1806 53 3.7 1688587279
378 1656 34 2.5 1598438592
79 1742 54 5.0 1681100081
523 1156 54 2.5 1624005397
478 1612 47 3.3 1640093213
612 1784 34 3.9 1686680443
8 1534 53 2.3 1656562995
334 1848 42 3.2 1606510225
187 1848 49 1.3 1612775156
391 1301 55 1.8 1586294453
391 1259 47 2.0 1650118206
26 1612 48 2.3 1681353806
601 1078 43 1.2 1622849680
467 1806 29 4.7 1678320610
482 1976 32 1.9 1673929149
434 1309 53 2.3 1600763493
117 1534 54 3.5 1681712192
26 1428 43 1.9 1705590837
117 1678 53 1.0 1682648241
501 1556 36 1.0 1667898520
482 1156 47 3.7 1707513225
198 1489 55 4.6 1729747305
612 1467 41 2.6 1718508629
23 1534 28 4.2 1615571133
467 1784 40 2.1 1650625937
612 1742 55 4.1 1714802755
467 1378 52 4.6 1578916781
157 1656 29 2.7 1697261497
443 1827 47 3.7 1627659987
31 1742 38 2.3 1713013153
267 1763 29 1.6 1604333019
391 1848 55 2.0 1686179207
445 1156 34 2.4 1579735590
478 1403 61 1.1 1720449348
402 1445 52 1.6 1588032380
489 1078 40 4.4 1590186422
378 1656 43 2.9 1579009632
356 1445 27 1.3 1728863243
547 1259 48 1.6 1650575786
23 1284 32 3.8 1616769104
391 1284 53 4.8 1664660996
31 1512 52 2.3 1693586024
456 1489 52 3.8 1608041662
198 1167 53 1.5 1584516331
378 1763 44 5.0 1702386936
278 1556 34 4.1 1704349949
156 1089 34 2.4 1723955193
198 1806 30 4.7 1669083849
325 1643 32 1.0 1603379735
79 1423 53 1.6 1657458986
482 1167 30 4.3 1636801869
547 1203 44 3.3 1717581727
489 1556 43 2.0 1699017470
128 1259 52 2.8 1606881606
482 1643 39 2.3 1633839531
434 1643 40 4.8 1711237291
589 1719 29 5.0 1716045853
349 1719 30 3.5 1703003185
523 1869 32 1.7 1593088811
589 1848 49 3.9 1641370593
365 1301 39 4.9 1698134388
187 1556 44 2.4 1642054349
456 1259 30 2.7 1705820429
15 1634 52 2.4 1627557862
547 1189 42 2.9 1619004967
128 1869 34 2.1 1582044068
334 1284 53 3.6 1603621384
73 1763 48 1.1 1712732901
356 1848 61 1.6 1640427687
467 1156 53 2.0 1653960262
187 1827 48 3.6 1664283859
19 1445 28 3.6 1659860815
601 1612 53 3.6 1693479489
81 1643 32 1.0 1677923175
73 1976 28 1.1 1629998126
501 1678 34 3.9 1680030875
482 1423 34 3.6 1588055288
267 1612 30 3.3 1725922055
501 1678 52 1.4 1648440203
23 1719 43 4.3 1695759156
15 1742 47 3.7 1698113771
31 1189 55 1.9 1712447433
267 1556 47 3.1 1684453140
198 1634 40 3.7 1712721781
612 1806 29 4.5 1600946249
612 1156 41 5.0 1708302274
128 1403 27 3.7 1620298453
79 1378 42 4.2 1617005223
634 1634 36 4.4 1613350327
612 1678 41 4.0 1682786578
434 1719 53 3.0 1602614084
601 1489 34 1.4 1615028924
443 1309 47 4.7 1578815299
523 1656 36 2.3 1608949935
26 1578 49 3.5 1608984770
467 1234 30 1.4 1685316071
547 1189 43 4.7 1595751021
589 1298 29 2.6 1596985065
278 1976 54 3.5 1616709934
434 1634 48 3.1 1691045611
501 1698 36 2.1 1620534050
128 1534 52 4.0 1665774245
467 1534 29 3.2 1658318481
501 1656 48 3.7 1590281728
578 1612 48 1.3 1673923496
356 1089 38 4.7 1735584861
15 1089 46 4.5 1723810009
547 1578 38 1.1 1697758891
547 1156 27 4.6 1686790825
547 1678 38 4.7 1697010642
501 1489 52 4.3 1677141247
589 1784 61 4.4 1726736380
79 1378 54 1.3 1652009703
467 1848 38 4.0 1688527942
445 1643 52 1.0 1721448084
31 1512 42 3.4 1662591314
547 1763 52 4.5 1703451792
267 1156 55 4.6 1589266735
398 1309 42 4.3 1585165644
482 1156 27 2.7 1712647501
73 1203 47 2.4 1652628903
31 1259 30 2.9 1729276542
501 1089 34 3.2 1697687801
79 1403 49 3.6 1661986726
