249 1232 44 3.90 974153862
83 1043 50 3.00 963215487
7 1232 44 2.80 971246385
249 1087 21 2.80 984512367
83 1134 34 3.00 960174328
7 1231 43 3.20 972631854
64 1042 32 3.40 985742316
101 1088 22 3.10 967412853
103 1232 44 3.50 963215487
104 1043 50 2.70 971246385
249 1043 50 3.50 985423167
83 1232 44 3.10 960174325
104 1087 21 3.40 972631854
249 1232 44 3.60 985742316
83 1043 50 3.40 967412853
7 1232 44 3.10 974153862
249 1087 21 3.80 974321856
83 1134 34 3.20 960124875
7 1231 43 3.90 971246385
64 1042 32 3.10 985742316
101 1088 22 2.70 967412853
103 1232 44 3.30 963215487
104 1043 50 3.70 971246385
249 1043 50 3.50 985423167
83 1232 44 3.00 960174325
104 1087 21 3.20 972631854
249 1232 44 3.30 985742316
83 1043 50 3.00 967412853
7 1232 44 3.50 974153862
249 1087 21 3.20 985742316
83 1134 34 3.70 967412853
7 1231 43 3.40 974153862
64 1042 32 3.10 963215487
101 1088 22 3.50 971246385
103 1232 44 3.30 960174325
104 1043 50 3.20 974213658
249 1043 50 3.50 965431278
83 1232 44 3.40 978365214
104 1087 21 3.40 974153862
249 1232 44 3.40 963215487
83 1043 50 3.50 971246385
7 1232 44 3.30 985423167
104 1088 34 4.20 1571657894
