249 1087 21 4.3 969215645
83 1134 34 3.5 1000121189
7 1231 43 2.4 998855800
64 1042 32 3.0 952138789
249 1087 21 4.5 970215645
83 1134 34 3.7 1001121189
7 1231 43 2.6 999855800
64 1042 32 3.2 953138789
249 1087 21 4.4 971215645
83 1134 34 3.6 1002121189
7 1231 43 2.5 997855800
64 1042 32 3.1 951138789
249 1087 21 4.6 972215645
83 1134 34 3.8 1003121189
7 1231 43 2.7 996855800
64 1042 32 3.3 950138789
249 1087 21 4.7 973215645
83 1134 34 3.9 1004121189
7 1231 43 2.8 995855800
64 1042 32 3.4 949138789
101 1088 22 4.1 968215645
102 1135 35 3.4 999121189
103 1232 44 2.3 997855800
104 1043 33 2.9 954138789
101 1088 22 4.2 969215645
102 1135 35 3.3 998121189
103 1232 44 2.2 996855800
104 1043 33 2.8 953138789
101 1088 22 4.0 967215645
102 1135 35 3.2 997121189
103 1232 44 2.1 995855800
104 1043 33 2.7 952138789
101 1088 22 3.9 966215645
102 1135 35 3.1 996121189
103 1232 44 2.0 994855800
104 1043 33 2.6 951138789
101 1088 22 3.8 965215645
102 1135 35 3.0 995121189
103 1232 44 1.9 993855800
104 1043 33 2.5 950138789
101 1088 22 3.7 964215645
102 1135 35 2.9 994121189
103 1232 44 1.8 992855800
104 1043 33 2.4 949138789
17 1232 47 1.8 992855801
104 1043 19 2.4 949138789
