103 1232 44 2.30 997855800
103 1232 44 2.20 996855800
103 1232 44 2.10 995855800
103 1232 44 3.70 972435681
89 1564 20 3.20 964321789
89 1232 44 3.80 974652319
103 1450 23 3.50 976532184
89 1231 43 2.80 967543182
89 1450 23 3.60 965487321
103 1232 44 3.60 985724316
89 1564 20 3.70 963215487
89 1232 44 3.00 972631854
103 1450 23 2.90 960174325
89 1231 43 4.40 978365214
89 1135 35 4.00 974213658
103 1110 40 3.00 967412853
89 1134 34 3.90 971246385
89 1110 40 3.60 974153862
103 1232 44 2.00 994855800
103 1232 44 1.90 993855800
103 1232 44 3.90 960123487
89 1564 20 2.90 965487321
89 1232 44 3.20 974153862
103 1450 23 3.20 978365214
89 1231 43 3.80 972631854
89 1135 35 3.00 984512367
103 1232 44 2.50 993855808
103 1232 44 2.10 995855804
103 1232 44 2.30 993855807
103 1232 44 2.00 994855803
103 1232 44 2.40 993855804
103 1110 40 3.10 971246385
89 1231 43 2.70 965487321
103 1564 20 4.10 985431276
89 1135 35 3.40 981236547
89 1135 35 3.20 967412853
103 1110 40 3.40 965431278
89 1134 34 3.80 960174328
89 1110 40 3.10 978365214
103 1232 44 3.50 963215487
89 1564 20 3.00 960174325
89 1232 44 3.80 971246385
103 1450 23 3.60 960174328
89 1231 43 3.30 967412853
89 1135 35 3.20 972631854
103 1110 40 3.20 960174325
89 1134 34 3.50 978365214
89 1110 40 3.50 974213658
89 1134 34 3.80 974213658
103 1232 44 3.30 963215487
89 1564 20 3.50 960174325
89 1232 44 3.30 971246385
103 1450 23 3.70 960174328
89 1231 43 3.10 967412853
89 1135 35 3.50 972631854
103 1110 40 3.40 960174325
89 1134 34 3.20 978365214
89 1110 40 3.30 974213658
103 1232 44 3.30 960174325
89 1564 20 3.50 978365214
89 1232 44 3.60 974213658
103 1450 23 3.50 967412853
89 1231 43 3.20 971246385
89 1135 35 3.20 974153862
103 1110 40 3.50 978365214
89 1134 34 3.50 972631854
89 1232 50 4.10 1551786720
89 1564 34 4.40 1693657648
89 1087 40 2.50 1673271424
89 1135 44 1.80 1600252298
89 1232 50 4.40 1560030427
103 1088 35 3.80 1676138753
89 1897 35 2.30 1568812578
89 1087 43 1.70 1643043424
89 1232 33 2.00 1593500432
89 1042 21 4.40 1649916886
89 1043 35 2.00 1693190749
103 1356 34 3.80 1588517585
89 1564 50 4.60 1662622310
103 1087 22 4.10 1634786511
103 1042 20 3.10 1572132543
89 1897 22 3.20 1621056078
89 1231 33 4.30 1565040648
89 1231 34 3.80 1661663287
103 1042 43 5.00 1658998064
89 1134 23 2.00 1639076225
89 1232 36 4.20 1590172375
103 1232 34 4.40 1571545473
103 1135 40 1.90 1666609177
103 1110 22 4.40 1616420385
103 1043 35 3.30 1607971733
89 1088 43 3.80 1606098284
103 1043 33 4.20 1644755276
89 1897 21 1.70 1560038053
89 1135 23 4.30 1586453579
89 1088 43 4.40 1696965639
89 1232 40 5.00 1639229562
89 1043 44 4.20 1568339789
103 1232 44 4.90 1622180735
89 1564 33 1.70 1598881913
89 1110 34 1.60 1598014899
103 1135 34 3.50 1620493880
89 1134 32 4.50 1698036082
89 1134 20 3.10 1651020501
89 1356 22 2.50 1668607796
89 1232 32 3.70 1661814807
89 1232 34 3.80 1693314864
89 1042 43 4.30 1559168492
103 1135 32 2.60 1685987095
103 1232 40 2.40 1554582717
89 1088 40 4.80 1688613535
89 1134 50 2.70 1664839753
89 1231 32 1.50 1648983918
89 1564 32 3.30 1673098425
89 1356 20 4.80 1631941121
89 1043 34 3.60 1547939297
89 1135 23 2.40 1582183120
103 1356 44 2.50 1598760955
89 1232 50 4.80 1700569886
89 1356 32 2.20 1677023217
89 1042 20 5.00 1611535710
89 1134 36 2.50 1554821788
103 1110 23 2.20 1653237280
89 1042 36 2.20 1676847834
103 1135 32 1.80 1702337905
89 1110 32 2.60 1619648216
103 1564 40 3.00 1546620256
103 1043 20 4.70 1560357435
89 1232 47 2.80 1681293751
89 1232 21 2.70 1550898844
89 1088 22 3.80 1648660365
103 1088 44 3.20 1672304953
103 1784 47 3.10 1734150354
103 1784 44 1.70 1618213291
103 1763 44 1.60 1644267600
103 1489 39 3.20 1716855720
103 1612 30 3.90 1623481654
103 1203 38 4.60 1633501474
103 1578 49 2.30 1603137640
103 1534 55 3.90 1600413751
103 1078 30 1.40 1652832578
103 1806 49 2.10 1633526302
103 1089 39 1.60 1587022257
103 1848 53 3.30 1585904678
103 1512 28 4.70 1590001839
103 1643 53 3.40 1656317243
103 1234 55 2.10 1668951254
103 1284 52 4.20 1642457680
103 1378 28 3.30 1617872158
103 1189 54 2.50 1605149401
103 1848 53 2.80 1654978729
103 1214 29 2.60 1663326822
103 1534 43 2.30 1626961127
103 1428 28 2.10 1582543224
103 1534 38 2.20 1697644046
103 1301 34 1.50 1587436709
103 1763 52 3.20 1592872939
103 1512 43 4.30 1666281630
103 1612 40 3.20 1623939752
103 1167 44 2.30 1696888983
103 1698 61 3.40 1590706927
103 1214 32 1.60 1616191506
103 1742 28 4.90 1718720061
103 1848 43 1.90 1635285073
103 1467 44 5.00 1620342642
103 1214 48 2.10 1729246722
103 1309 46 3.80 1615286309
103 1259 44 2.70 1642519400
103 1189 46 3.70 1629945986
103 1378 61 3.50 1659509589
103 1298 39 3.40 1604291627
103 1556 30 2.80 1634160274
103 1445 54 4.00 1660702895
103 1298 32 4.10 1733650226
103 1612 61 4.70 1641515722
103 1784 36 3.40 1585807105
103 1309 44 1.90 1728332249
103 1403 48 1.10 1629003144
103 1976 36 1.20 1595346261
103 1742 53 3.50 1653930920
103 1643 39 4.60 1681246098
103 1827 34 4.30 1585391682
103 1445 46 1.70 1641545786
103 1698 54 1.60 1690132498
103 1656 38 4.30 1729920496
103 1309 30 4.10 1682138308
103 1259 29 5.00 1584635189
103 1634 46 1.20 1705259668
103 1634 48 4.50 1582584109
103 1214 44 2.20 1680549930
103 1578 27 2.60 1698009661
103 1556 39 3.70 1729129864
89 1231 36 2.00 1656044367
89 1356 43 4.50 1566747564
89 1232 44 4.00 1689002063
89 1042 36 2.60 1658922481
103 1088 47 2.30 1670920484
89 1897 23 1.60 1556806881
89 1110 23 1.50 1637929205
103 1232 44 3.90 1564091722
89 1356 47 1.90 1670859681
89 1087 22 1.60 1633963501
89 1897 34 3.50 1652817474
103 1564 43 4.80 1626632207
103 1450 50 2.90 1653082853
89 1110 32 4.20 1636152344
89 1450 40 3.30 1578514952
89 1232 23 4.20 1591430849
89 1231 20 3.00 1690847381
89 1564 34 4.80 1600030597
89 1087 34 1.80 1628067201
89 1356 50 4.10 1553104085
89 1897 47 3.80 1577730481
89 1231 36 2.20 1687675964
103 1450 35 1.50 1558604034
89 1232 33 2.70 1648316979
89 1110 33 4.10 1646588660
103 1232 22 2.40 1582094830
103 1564 44 4.10 1696850093
89 1564 47 4.80 1627876417
103 1088 23 2.50 1694842969
89 1088 33 2.90 1645370397
89 1356 32 4.30 1677038278
103 1231 22 3.10 1629250745
103 1897 43 2.90 1609488414
89 1087 50 2.40 1654658026
89 1135 32 1.80 1668971902
89 1134 34 3.50 1682909469
89 1134 50 2.20 1591691324
89 1134 33 2.40 1680405861
103 1231 22 3.90 1610823004
89 1088 50 1.90 1567936897
89 1356 50 4.30 1681623223
103 1450 23 2.80 1637836430
89 1135 20 4.60 1651429156
89 1134 32 4.80 1617404539
89 1897 35 1.80 1603728365
89 1897 20 3.20 1688724715
89 1110 47 3.00 1649752554
103 1450 21 3.40 1585116599
89 1232 23 2.20 1662244891
103 1135 34 4.90 1568292080
89 1043 44 4.50 1591274715
89 1450 21 4.90 1676928369
103 1110 33 3.00 1596904271
89 1134 23 2.20 1587387142
89 1356 47 2.50 1549998856
89 1356 20 2.10 1615728799
89 1134 33 1.60 1696688557
89 1135 23 1.80 1621475206
103 1043 50 3.10 1631462696
103 1356 36 3.50 1650632893
89 1042 47 2.90 1641441282
89 1087 22 1.60 1690702575
103 1135 23 4.70 1607414026
103 1897 32 3.40 1625265928
103 1231 43 3.10 1610889145
89 1088 44 4.50 1602031014
89 1110 36 2.30 1678774249
89 1897 23 2.50 1703512045
89 1232 23 4.80 1602806080
89 1088 43 3.30 1560348052
89 1564 36 3.30 1616140786
103 1043 50 3.10 1691348949
89 1564 36 3.70 1586344749
103 1043 22 3.50 1567941912
89 1088 50 2.80 1626127989
89 1232 50 2.30 1570158846
89 1232 44 2.00 1581874960
89 1110 40 3.20 984512367
89 1042 43 1.90 1640517744
89 1450 43 2.40 1690956591
103 1088 21 1.80 1621787923
89 1088 44 2.00 1698252181
89 1897 40 3.20 1636464913
89 1042 36 3.70 1642891993
89 1450 50 3.20 1637830026
103 1134 35 2.70 1701495004
89 1897 44 1.60 1586949472
89 1043 47 4.90 1629964700
89 1564 32 3.00 1583047210
89 1356 34 4.50 1655491096
89 1450 20 2.80 1655190047
89 1356 40 2.90 1663849378
103 1135 35 2.60 1694657548
103 1042 21 3.50 1571960443
103 1043 43 1.60 1591984714
89 1043 47 4.30 1639320205
103 1564 47 3.20 1642136451
103 1043 23 2.70 1648701717
89 1135 21 2.80 1669394350
89 1356 44 3.80 1644566260
103 1564 40 1.50 1679804717
89 1042 33 3.70 1551674955
103 1042 21 3.60 1609132653
103 1134 43 1.90 1672760393
103 1897 40 4.60 1561412788
89 1356 34 4.30 1644839936
89 1356 20 4.90 1565737393
103 1088 22 1.70 1585903877
89 1232 21 2.00 1639255263
103 1232 23 3.50 1687481303
89 1232 32 1.90 1678155226
89 1897 34 3.30 1609594534
89 1087 20 4.00 1625703465
103 1087 35 4.50 1562448795
103 1564 21 4.70 1623080938
89 1232 21 3.10 1664216921
89 1042 50 1.80 1682742768
103 1564 32 3.90 1697749075
103 1110 23 3.90 1650183845
89 1088 22 2.10 1701932460
103 1110 36 2.70 1608831274
103 1231 44 2.40 1623379627
89 1232 44 4.10 1601657903
103 1897 21 1.80 1577158902
103 1088 50 2.50 1596703213
89 1135 34 4.80 1654937326
103 1043 32 4.00 1703180629
103 1450 47 5.00 1641005344
103 1564 34 2.90 1677965484
89 1087 23 4.50 1659423630
89 1110 20 4.70 1584325534
89 1087 47 3.90 1615336563
89 1232 47 3.10 1586493800
89 1232 44 4.80 1690107646
89 1134 50 1.80 1580202896
89 1232 20 2.60 1594847115
89 1088 22 1.60 1699135618
103 1110 44 3.80 1622770525
103 1087 34 2.00 1588757934
103 1231 33 2.30 1563703362
103 1043 44 3.90 1699182959
89 1042 22 1.80 1636133499
103 1088 40 4.80 1551191779
103 1088 36 4.00 1627286123
103 1232 22 2.20 1586928450
103 1042 40 2.70 1673641441
103 1134 44 2.10 1549291024
89 1110 50 1.70 1660023200
89 1042 33 4.70 1614946229
103 1043 44 2.10 1615985831
103 1231 35 2.80 1584829227
89 1087 22 3.80 1670344180
89 1231 23 4.50 1550290658
89 1231 20 3.10 1690277131
89 1042 43 3.90 1687062841
103 1356 36 4.20 1606410767
89 1087 33 3.80 1553455263
89 1088 23 2.50 1571831704
89 1232 33 1.60 1697065667
89 1231 32 3.10 1565126512
89 1110 40 4.50 1698389505
89 1110 36 2.30 1682584359
89 1232 36 2.90 1563684098
89 1087 35 4.70 1583132795
89 1356 36 3.40 1683254646
89 1356 36 1.60 1651732864
103 1231 47 1.90 1571307701
89 1231 50 3.80 1647210558
89 1088 40 1.60 1695615439
103 1042 40 3.70 1676258577
103 1231 23 3.60 1674656380
89 1564 21 1.80 1686861869
89 1042 36 3.70 1699616721
103 1897 35 4.10 1611463942
89 1087 36 3.50 1603387289
89 1450 36 3.40 1614530079
89 1088 35 2.40 1692231083
89 1231 20 4.80 1625776035
103 1897 44 1.60 1606421303
89 1088 35 4.70 1582268224
103 1110 43 2.40 1667914506
89 1564 34 4.10 1609260279
103 1110 23 1.60 1669142632
103 1135 35 2.20 1611965488
89 1564 32 2.20 1633948149
89 1897 22 3.00 1672004360
103 1088 32 4.00 1574498785
103 1356 32 4.40 1667704876
89 1135 44 3.40 1617258458
89 1135 32 3.90 1613455892
103 1088 47 4.60 1696245367
89 1043 23 3.20 1571016488
89 1232 33 4.10 1694372599
89 1450 47 4.20 1557948054
89 1897 22 2.50 1601727063
103 1450 50 4.80 1565361387
89 1088 35 4.80 1647073821
89 1043 43 4.20 1594551564
89 1087 23 2.60 1648424067
103 1134 21 3.30 1627292432
89 1450 23 3.20 1603822977
89 1043 35 4.90 1660615716
89 1232 20 2.00 1642486796
89 1135 33 2.10 1649246784
89 1897 35 2.20 1638783834
89 1356 43 5.00 1667167479
103 1360 21 1.60 1692390519
103 1360 47 4.00 1612439628
103 1134 31 4.70 1629078125
89 1540 40 1.80 1698408875
89 1480 48 4.10 1631362944
103 1500 50 4.40 1635149371
89 1150 50 2.50 1589640686
103 1580 45 2.60 1679498360
89 1175 45 4.50 1605073796
89 1231 39 2.70 1587709085
103 1590 27 4.80 1634736964
103 1200 27 4.20 1595053174
103 1135 35 3.30 1685697913
89 1897 41 2.60 1672865257
89 1460 41 4.80 1599606663
89 1200 20 4.50 1587197813
103 1500 35 4.40 1612501939
103 1087 31 2.10 1567616771
103 1135 47 3.00 1680934388
103 1400 41 3.80 1625342466
89 1420 41 2.70 1700402065
89 1134 37 1.80 1562208134
89 1480 33 1.60 1546627965
103 1360 40 3.60 1609486679
103 1134 21 4.60 1562675212
89 1380 27 4.60 1548231161
89 1043 46 2.80 1701203475
103 1088 32 1.50 1678902768
103 1110 47 4.90 1595893826
103 1232 46 2.30 1589538359
89 1650 32 3.40 1614081282
103 1500 23 1.60 1597516975
89 1340 37 3.20 1549250855
89 1043 44 5.00 1687734652
89 1042 44 4.40 1629793982
89 1897 21 4.00 1624511000
103 1042 47 4.50 1690729786
89 1110 50 2.30 1570607774
89 1450 22 3.40 1655187293
89 1356 22 2.60 1630118406
89 1564 21 1.60 1610079946
103 1088 34 1.90 1677895859
89 1231 33 2.10 1589542524
103 1088 32 3.30 1684004329
89 1043 32 2.30 1689490511
89 1087 20 3.40 1665758785
103 1232 47 1.90 1571370679
103 1134 34 1.80 1654535753
89 1135 23 3.80 1658916090
89 1450 50 4.30 1689156336
103 1135 40 3.10 1692613149
89 1232 32 3.60 1576469390
103 1450 47 1.70 1688818656
89 1087 40 4.20 1677485127
89 1110 40 3.80 985423167
103 1232 44 1.80 992855800
