89 1232 50 4.1 1551786720
67 1043 40 3.1 1568725311
104 1088 34 4.2 1571657894
67 1135 43 2.9 1577590582
123 1450 35 2.3 1547722033
65 1087 34 3.7 1560809573
90 1088 20 1.8 1558533340
5 1043 50 2.7 1549720119
400 1043 47 3.4 1548035125
249 1087 32 3.5 1567131136
5 1135 44 2.4 1582907584
5 1043 21 2.8 1547718255
12 1231 40 2.9 1585153690
249 1564 34 1.5 1552382428
12 1134 34 4.0 1559950502
89 1232 50 4.4 1560030427
104 1088 36 2.4 1583068148
83 1564 36 2.5 1558004621
123 1134 21 2.9 1576151787
83 1231 33 3.0 1582994691
89 1897 35 2.3 1568812578
249 1450 36 3.4 1565131373
67 1135 40 2.8 1570055354
10 1043 33 3.6 1562484767
12 1043 44 4.2 1547202574
17 1087 33 3.0 1552669806
5 1088 34 2.8 1551180993
103 1042 20 3.1 1572132543
5 1564 35 4.9 1577570169
7 1110 50 1.6 1571756233
90 1110 35 4.6 1581295826
249 1231 23 2.0 1582521433
7 1450 32 2.9 1575077472
567 1043 32 2.9 1562418644
10 1110 47 3.5 1564250843
83 1110 21 3.9 1579680571
7 1564 32 3.9 1555761662
400 1232 23 4.8 1552787894
89 1231 33 4.3 1565040648
24 1088 34 4.1 1556506447
7 1232 34 2.0 1579065496
64 1088 36 2.6 1563262435
12 1356 32 1.5 1555980398
10 1231 35 2.8 1546803722
64 1232 23 3.9 1555275728
400 1110 20 4.8 1582495682
17 1110 44 3.8 1567123378
98 1564 36 4.6 1553911391
103 1232 34 4.4 1571545473
17 1231 44 3.8 1565541608
104 1450 20 2.5 1559603785
249 1043 36 3.8 1575322752
101 1135 40 3.3 1562272536
101 1042 21 4.7 1567998642
17 1134 50 3.9 1574195479
64 1232 44 3.2 1567768504
10 1232 50 1.6 1554655162
7 1450 40 2.3 1551901920
5 1564 32 2.8 1577869850
24 1043 22 3.9 1583549097
90 1564 21 2.1 1561970124
67 1564 35 4.8 1574187161
101 1134 44 4.8 1551522432
24 1564 35 3.9 1576119739
64 1232 50 2.7 1568672208
89 1897 21 1.7 1560038053
24 1564 22 2.7 1564427623
5 1087 44 1.7 1554448521
101 1042 43 3.8 1562770363
98 1232 34 2.3 1566852957
101 1232 22 3.3 1565844540
89 1043 44 4.2 1568339789
24 1042 23 3.6 1566926842
24 1232 40 3.9 1576915875
10 1356 44 1.9 1583384448
5 1110 44 3.1 1552253936
5 1087 23 3.9 1569016496
10 1135 32 4.7 1582498837
24 1897 32 1.7 1562481930
400 1232 40 1.5 1572807481
83 1134 44 2.7 1566071289
5 1232 35 3.3 1575247204
104 1087 20 4.6 1551555563
90 1088 20 2.2 1565777371
12 1356 44 3.6 1567438543
89 1042 43 4.3 1559168492
90 1450 35 3.8 1562426770
17 1356 47 5.0 1577499890
567 1897 44 4.1 1556484178
104 1134 21 2.5 1575334213
103 1232 40 2.4 1554582717
64 1232 47 3.4 1561819641
10 1134 21 4.5 1552414939
400 1564 21 2.0 1580669596
65 1087 40 3.9 1567860310
104 1135 50 4.6 1582944370
12 1231 32 4.1 1565925699
98 1564 22 3.7 1576593099
24 1356 50 4.7 1557866188
5 1232 47 5.0 1573915804
90 1897 22 3.3 1569730063
12 1231 40 3.7 1547432719
89 1043 34 3.6 1547939297
90 1043 50 4.8 1556001373
89 1135 23 2.4 1582183120
123 1135 22 4.8 1575001897
98 1450 32 1.8 1574883533
90 1110 34 2.2 1578548539
67 1088 20 3.3 1548442700
90 1088 43 3.3 1578577045
5 1232 23 2.1 1563945868
101 1450 34 2.4 1580831803
90 1087 22 4.9 1550811988
89 1134 36 2.5 1554821788
400 1134 32 3.2 1551205021
123 1134 33 1.6 1560944171
400 1356 32 4.1 1577120474
567 1134 23 4.9 1549700907
5 1450 21 1.5 1568849270
10 1564 47 4.2 1584965377
103 1564 40 3.0 1546620256
249 1110 23 1.8 1573645586
103 1043 20 4.7 1560357435
7 1088 22 4.7 1570675062
83 1110 47 4.3 1566914957
89 1232 21 2.7 1550898844
400 1232 23 2.9 1564609929
104 1135 21 3.9 1584813612
67 1564 33 4.2 1553571701
567 1087 20 2.8 1555089720
98 1232 40 3.1 1551929147
65 1135 47 4.3 1571455413
24 1087 23 2.2 1585131327
24 1134 43 2.0 1553720470
89 1356 43 4.5 1566747564
24 1356 44 3.6 1580075443
123 1135 33 1.8 1552810619
400 1232 35 1.7 1562197757
67 1232 43 2.1 1557808162
7 1232 50 3.2 1554295517
90 1232 21 4.2 1564261663
123 1135 32 4.1 1567390988
10 1110 34 4.3 1567889333
101 1356 20 4.1 1546869671
7 1232 22 4.2 1576387577
10 1231 22 3.4 1575751000
89 1897 23 1.6 1556806881
103 1232 44 3.9 1564091722
567 1897 43 3.1 1578715082
7 1232 47 2.6 1568786600
7 1134 20 3.9 1562627684
249 1231 32 2.8 1562508449
567 1897 20 2.2 1579042116
7 1087 32 2.9 1571713698
12 1088 50 3.9 1557981506
104 1043 22 3.5 1553409748
17 1564 33 1.9 1553615996
17 1564 23 2.7 1552276440
89 1450 40 3.3 1578514952
98 1042 22 2.6 1558297864
104 1564 50 1.5 1571793353
17 1356 35 4.1 1579691313
10 1232 32 4.0 1547203515
65 1042 22 3.4 1576626476
10 1232 50 2.9 1564656877
249 1450 35 2.2 1556702814
123 1232 21 1.9 1577130958
67 1042 21 4.6 1564957947
123 1564 44 4.2 1567721032
83 1043 47 3.5 1572788986
123 1450 32 1.8 1555125954
89 1356 50 4.1 1553104085
89 1897 47 3.8 1577730481
98 1088 43 4.3 1578316268
24 1450 47 2.2 1560728990
24 1042 20 3.4 1554793204
5 1232 20 3.2 1569054689
90 1042 47 2.1 1584410945
101 1110 34 3.7 1584741996
67 1110 20 1.6 1575983295
104 1450 23 4.8 1551676629
103 1450 35 1.5 1558604034
104 1356 35 2.6 1570997024
567 1042 43 5.0 1568374632
103 1232 22 2.4 1582094830
249 1043 44 2.2 1569502971
10 1110 43 2.0 1559270037
98 1231 23 3.9 1580874321
104 1231 47 4.5 1549509384
567 1564 44 3.1 1549137052
12 1232 23 4.2 1561177449
24 1043 44 1.5 1582375777
101 1134 32 4.3 1582821282
567 1135 20 1.5 1575744597
249 1897 47 5.0 1566665052
123 1110 36 3.5 1546510770
400 1135 21 3.0 1576325498
249 1232 50 3.8 1584796880
64 1897 33 2.1 1571773134
24 1042 47 1.6 1567992813
90 1135 33 3.9 1570251498
10 1043 23 2.7 1570296326
65 1087 50 2.1 1573483935
5 1134 20 4.6 1550257371
10 1134 44 2.3 1581631853
83 1087 23 3.0 1561921329
17 1564 44 3.9 1558232704
5 1897 33 2.8 1571747791
89 1088 50 1.9 1567936897
10 1135 23 2.5 1580588969
5 1232 43 2.1 1566957728
90 1232 23 1.7 1557001197
17 1110 34 4.6 1547652158
103 1450 21 3.4 1585116599
567 1134 35 2.4 1559683611
103 1135 34 4.9 1568292080
17 1087 21 2.0 1559069655
5 1042 22 3.5 1563908494
90 1232 47 3.5 1581864932
90 1135 35 4.2 1571465902
98 1134 32 2.8 1574940207
12 1231 33 1.6 1554662709
7 1450 36 4.6 1577769927
89 1356 47 2.5 1549998856
83 1087 50 2.4 1562087231
249 1232 50 1.6 1578089655
249 1042 20 3.2 1547711128
400 1232 20 3.0 1558655226
90 1043 22 3.4 1571265833
24 1232 50 2.8 1582029440
90 1134 32 4.3 1574847446
65 1231 34 4.2 1570867729
400 1042 33 4.5 1578192782
65 1897 47 3.4 1555639363
10 1043 36 4.2 1558981723
83 1231 34 4.4 1555884215
64 1042 50 3.6 1548528035
7 1897 44 3.1 1582887879
101 1088 20 2.0 1567279292
89 1088 43 3.3 1560348052
7 1897 20 2.4 1571753277
123 1897 44 1.7 1576893909
103 1043 22 3.5 1567941912
17 1088 36 5.0 1568791588
65 1450 36 1.5 1557568103
89 1232 50 2.3 1570158846
567 1088 36 4.4 1560451566
17 1135 34 5.0 1548234489
400 1134 47 4.5 1572670479
400 1450 21 3.9 1577500367
90 1042 36 3.1 1579667721
17 1356 34 2.9 1576889362
104 1232 32 1.6 1573544070
83 1232 44 2.0 1564398608
12 1356 23 3.3 1548943116
17 1232 23 2.9 1560217962
17 1087 23 4.5 1565830121
89 1232 44 2.0 1581874960
5 1135 21 4.8 1580476380
249 1088 35 4.0 1580754950
7 1564 47 3.5 1568337984
5 1135 47 1.9 1563139476
5 1110 22 4.9 1555072853
101 1110 21 2.0 1577536230
83 1232 34 4.1 1570659106
567 1088 44 2.7 1555865327
12 1231 47 1.8 1567755645
17 1897 40 3.0 1564976870
104 1897 34 4.8 1584329022
83 1232 21 1.8 1567811336
123 1134 34 4.8 1575516736
104 1043 21 3.5 1577748155
98 1087 43 2.2 1551462625
104 1232 33 3.8 1582894482
5 1356 20 4.8 1556210197
10 1087 43 3.4 1573369071
90 1356 50 3.0 1548190926
123 1110 47 3.9 1563230767
123 1042 50 3.3 1582045480
24 1088 40 3.9 1585061523
67 1450 43 2.2 1558403739
5 1135 20 3.7 1569289879
89 1564 32 3.0 1583047210
7 1356 23 2.7 1553705295
123 1232 21 3.6 1548694162
90 1450 36 2.6 1578479665
90 1042 23 4.8 1550944111
103 1042 21 3.5 1571960443
123 1232 21 2.0 1573363805
67 1232 20 1.8 1580934401
123 1356 22 4.7 1569176978
67 1897 43 3.7 1583144578
17 1232 23 1.8 1568981813
400 1232 36 4.9 1565147743
98 1134 35 3.5 1567719314
7 1232 23 4.9 1583610073
83 1043 33 4.8 1574671121
90 1042 33 3.0 1582852932
24 1231 22 3.4 1558977056
65 1232 22 3.2 1583029090
400 1232 47 4.7 1578984580
10 1110 21 3.2 1566942719
5 1110 21 3.0 1563255825
567 1134 34 4.3 1570689112
90 1088 33 3.3 1569706887
89 1042 33 3.7 1551674955
65 1088 34 2.3 1571606495
64 1043 40 2.0 1557597009
103 1897 40 4.6 1561412788
98 1897 20 2.1 1583604142
249 1231 47 4.8 1559017592
104 1356 32 1.7 1549862678
89 1356 20 4.9 1565737393
83 1231 23 4.7 1555112104
98 1135 47 1.9 1573934948
12 1043 50 3.4 1577240462
24 1088 40 4.6 1578528775
90 1088 32 3.6 1572985402
24 1043 47 4.3 1562013905
90 1450 47 1.8 1574100183
103 1087 35 4.5 1562448795
12 1232 35 1.7 1578029590
24 1450 43 1.9 1571099556
400 1110 40 3.7 1550037381
400 1231 36 1.6 1557519047
90 1042 21 4.7 1573968387
65 1135 40 2.6 1581938491
104 1110 35 3.6 1563405462
98 1088 34 2.3 1567775340
103 1897 21 1.8 1577158902
24 1231 20 2.2 1562948006
5 1450 20 4.1 1554010099
249 1897 32 4.1 1577238505
400 1897 21 2.5 1571470852
24 1088 50 4.2 1553143883
10 1450 21 4.5 1570024151
89 1110 20 4.7 1584325534
83 1135 40 1.9 1569563883
104 1232 22 2.5 1553638711
89 1134 50 1.8 1580202896
104 1231 44 2.7 1556626231
65 1564 47 3.0 1572803271
5 1450 21 3.8 1578842199
101 1043 47 4.7 1570349987
83 1088 47 2.9 1573225892
123 1087 47 3.2 1582090210
400 1564 21 5.0 1574422296
10 1087 34 4.6 1580788025
103 1231 33 2.3 1563703362
90 1450 21 3.8 1553887629
123 1135 36 2.6 1565111976
65 1232 44 2.5 1552201859
7 1134 47 2.8 1580279210
249 1897 22 1.8 1572556134
83 1564 22 2.4 1578231039
5 1134 47 4.4 1558497202
65 1088 34 2.0 1578656101
400 1231 32 2.2 1548688603
98 1897 21 3.6 1582335927
103 1088 40 4.8 1551191779
123 1450 44 2.9 1566955947
90 1043 23 1.9 1548649720
17 1087 40 4.0 1551306680
104 1232 32 3.8 1567131765
12 1042 35 2.1 1548341855
65 1087 23 4.4 1555918487
103 1134 44 2.1 1549291024
123 1088 44 1.7 1582364897
67 1135 36 3.9 1549388850
5 1356 35 3.5 1566537998
10 1232 43 4.9 1576161055
104 1897 35 3.5 1556674845
104 1042 34 2.9 1575366786
67 1135 40 2.0 1574455185
103 1231 35 2.8 1584829227
10 1897 47 2.1 1550014855
7 1356 21 2.2 1562032593
83 1450 43 2.0 1583230294
7 1110 43 2.7 1552194099
400 1564 47 4.6 1561964198
400 1564 47 2.8 1575043206
98 1043 44 2.6 1560550360
89 1231 23 4.5 1550290658
83 1042 21 1.9 1564923892
24 1231 44 3.5 1575597831
83 1134 20 4.5 1571635786
101 1043 34 2.0 1552827184
249 1110 34 3.6 1571423885
89 1087 33 3.8 1553455263
249 1356 33 3.2 1547662649
65 1135 21 2.3 1559992652
249 1450 35 3.6 1570719081
249 1450 23 3.1 1582831794
83 1564 21 4.1 1560435229
89 1088 23 2.5 1571831704
90 1231 50 2.8 1579370157
64 1356 20 4.4 1552450880
10 1043 35 3.1 1579863697
24 1356 33 4.8 1562506825
89 1231 32 3.1 1565126512
24 1231 20 3.5 1574309474
17 1134 35 3.9 1547821184
17 1450 22 3.3 1569862271
101 1087 33 3.6 1560015298
567 1135 34 2.6 1577398609
12 1450 33 2.0 1564317097
65 1232 50 2.1 1549975160
98 1897 33 2.6 1584803698
89 1232 36 2.9 1563684098
89 1087 35 4.7 1583132795
98 1087 21 1.7 1565164556
104 1135 47 2.6 1579179628
104 1232 22 1.9 1572270764
103 1231 47 1.9 1571307701
400 1232 34 4.4 1558375034
64 1043 33 2.4 1554600032
400 1564 50 3.2 1560777171
67 1356 22 3.8 1566019829
5 1232 50 2.3 1579673640
12 1232 36 4.6 1556175122
5 1356 21 2.1 1557804263
83 1088 40 2.7 1576112723
104 1135 32 2.2 1548028222
65 1134 34 2.1 1560632357
65 1042 32 4.2 1551766287
98 1356 22 3.6 1567003008
83 1231 40 4.6 1561671178
567 1232 44 2.7 1550012716
12 1043 33 2.8 1561587896
12 1087 40 2.0 1575704994
90 1134 40 1.6 1551803931
64 1897 34 4.4 1546689750
83 1232 35 3.8 1561426051
89 1088 35 4.7 1582268224
17 1232 23 4.2 1556582188
123 1087 50 3.7 1573223519
5 1232 47 3.6 1564467198
67 1232 32 4.3 1577190006
67 1450 20 4.6 1581305748
67 1042 21 3.3 1580605175
67 1042 35 3.4 1575883913
7 1356 50 4.4 1572012770
5 1043 47 4.0 1546964983
5 1897 43 2.9 1582593566
17 1231 36 4.8 1582186908
567 1232 21 4.4 1554185016
83 1232 40 2.6 1582722106
17 1564 36 3.7 1559614206
12 1087 21 3.8 1560325295
103 1088 32 4.0 1574498785
5 1043 50 2.2 1577137841
104 1897 33 2.0 1557654119
24 1134 21 4.3 1564177950
90 1231 50 1.8 1577128316
65 1232 35 1.6 1568392969
64 1087 32 2.8 1579802157
89 1043 23 3.2 1571016488
83 1087 35 4.9 1585147786
83 1356 22 2.3 1583199409
24 1232 43 4.0 1556191464
249 1231 23 4.5 1571741430
65 1232 40 3.1 1558902776
10 1088 43 2.8 1572131970
89 1450 47 4.2 1557948054
17 1450 34 3.1 1575811337
249 1135 22 3.8 1574320573
98 1087 43 2.5 1561502391
24 1134 22 2.1 1563933700
67 1043 34 3.4 1577702928
103 1450 50 4.8 1565361387
567 1042 47 1.7 1551402788
400 1134 21 2.4 1550398234
64 1450 35 3.4 1583525175
83 1564 34 3.1 1583271194
101 1232 34 4.8 1584389315
567 1042 32 4.7 1557694487
17 1087 23 4.0 1559222232
24 1135 47 1.5 1561186775
90 1110 40 3.0 1564710525
24 1232 32 4.5 1577188560
400 1043 22 1.6 1557412118
24 1087 50 3.5 1577197875
7 1232 34 3.5 1549457985
350 1550 37 1.5 1570435046
64 1580 31 4.0 1582582289
400 1088 45 4.2 1556815112
501 1400 25 4.3 1555623634
312 1231 50 4.9 1574791933
401 1420 37 2.2 1548675740
306 1520 43 3.2 1548833754
307 1042 22 3.0 1571543938
306 1380 34 3.1 1551911576
301 1897 29 2.0 1556523767
123 1135 27 2.4 1575204117
123 1380 32 1.7 1554184147
307 1564 44 3.6 1568179712
401 1610 46 2.5 1577417099
403 1110 47 1.8 1559613493
402 1480 47 1.9 1584176416
408 1620 43 3.5 1557082100
5 1200 25 3.6 1583780624
302 1225 46 2.6 1577320441
403 1610 33 2.3 1574348278
17 1650 43 3.6 1580215225
305 1232 47 3.9 1581732406
305 1420 34 2.9 1570922808
502 1200 22 1.8 1565729077
403 1175 39 1.6 1549182748
307 1620 39 2.9 1578620320
402 1420 45 3.4 1575032541
67 1225 50 3.6 1556990813
209 1600 37 4.0 1572345370
123 1200 25 2.9 1553205499
123 1550 43 1.7 1548520476
400 1200 22 4.6 1576478184
98 1450 41 3.1 1573395554
302 1087 43 4.6 1563287079
410 1042 43 3.6 1561893617
415 1440 22 2.6 1578157345
502 1232 48 4.1 1552300278
322 1460 37 3.1 1555145054
306 1420 27 4.5 1553630111
24 1520 44 4.6 1551830036
409 1540 25 4.5 1552359675
403 1356 48 1.7 1580632240
318 1500 47 3.8 1567344860
354 1897 40 3.3 1557916069
17 1570 37 4.7 1581917790
67 1520 36 1.8 1566422689
503 1150 44 3.2 1583862966
98 1360 41 4.9 1562345840
302 1564 43 4.6 1575642023
5 1630 25 1.6 1546702349
5 1043 20 4.4 1551616636
401 1175 40 1.5 1548843568
83 1520 36 3.8 1564768469
503 1232 50 4.5 1547849931
90 1620 35 2.2 1563223427
65 1540 36 1.6 1562771692
10 1088 33 1.7 1551929422
354 1135 23 1.9 1558469404
322 1225 22 4.1 1568563045
503 1500 36 2.2 1580131389
321 1550 39 2.7 1562149627
567 1175 23 2.0 1554663655
209 1300 34 3.3 1554041486
123 1580 48 4.2 1566613261
98 1110 33 2.1 1546743569
420 1420 35 2.1 1577380168
409 1550 32 4.7 1555364861
400 1400 43 2.6 1567416309
10 1042 29 3.9 1565148934
64 1135 44 2.6 1579855680
5 1620 22 2.8 1573602558
409 1610 32 1.6 1547688814
12 1540 41 2.9 1579577684
502 1540 25 2.0 1553687371
301 1200 32 3.0 1546806416
123 1200 31 3.5 1554308655
354 1564 46 3.6 1567370648
305 1480 45 2.3 1579846667
415 1135 42 4.2 1548910322
403 1135 42 4.9 1563782509
301 1570 36 3.3 1566230232
451 1110 39 4.6 1554219948
401 1897 48 1.5 1547735124
98 1300 23 4.3 1581378289
354 1540 45 2.1 1550027719
502 1360 41 3.2 1575786591
5 1088 32 1.8 1560466166
24 1175 50 4.2 1572161979
312 1610 40 2.2 1569780504
123 1620 21 2.7 1558823072
307 1325 23 1.5 1576911388
500 1610 44 3.9 1561982305
502 1088 27 3.9 1584854349
24 1325 50 3.7 1548791032
249 1650 23 4.7 1572505636
204 1225 29 4.6 1584590086
5 1440 21 4.1 1582868498
67 1500 50 3.4 1550782795
12 1088 29 3.9 1570620657
401 1340 21 2.0 1553607903
450 1225 37 4.2 1548769399
307 1630 50 4.7 1546462968
12 1356 27 3.5 1548657530
312 1175 22 4.3 1549610611
12 1564 50 4.9 1550011839
17 1356 48 4.6 1547980068
567 1650 23 3.8 1547808056
312 1087 50 2.6 1554885958
123 1650 44 2.8 1554642759
567 1088 45 3.7 1548393757
305 1134 29 4.7 1551014127
402 1640 37 2.1 1573164220
403 1590 46 3.7 1584016766
24 1380 48 1.6 1584089781
103 1087 31 2.1 1567616771
322 1356 45 4.2 1583218978
451 1135 32 4.3 1553270427
204 1300 50 2.9 1562375276
302 1564 43 2.5 1563451341
205 1043 40 2.9 1568573894
101 1042 47 2.3 1581466187
307 1450 23 3.3 1562278472
205 1590 35 2.0 1552712297
7 1200 32 3.3 1546431515
411 1175 45 4.7 1584735112
104 1630 36 2.8 1553661456
409 1356 34 3.3 1548237322
7 1420 37 2.5 1570117384
500 1500 46 3.0 1579042050
67 1580 33 2.6 1554142415
502 1360 47 4.9 1552747367
354 1110 50 3.4 1559832942
205 1610 46 2.4 1563258559
411 1550 33 3.7 1573843292
408 1300 45 3.4 1563346988
10 1088 37 4.0 1571522890
7 1420 46 4.2 1566623288
209 1580 45 1.6 1579045475
322 1400 35 4.8 1557589264
5 1134 39 2.9 1582552753
12 1630 32 4.8 1568817675
12 1300 40 2.0 1570753300
204 1580 41 2.8 1562418167
402 1580 33 1.5 1566414320
204 1610 31 2.4 1579449714
17 1897 47 3.5 1550621846
306 1610 36 3.8 1578071616
17 1610 50 4.2 1575119492
307 1620 43 4.3 1550574936
7 1540 29 2.3 1546508924
306 1590 23 1.8 1577764462
501 1200 32 3.8 1547010504
90 1088 47 4.9 1571299675
83 1150 34 3.6 1572071422
12 1340 29 2.7 1567463336
65 1087 46 3.6 1551903545
408 1480 37 3.6 1550212962
450 1610 33 5.0 1581679454
89 1134 37 1.8 1562208134
12 1325 27 3.2 1550492679
400 1135 40 1.9 1550799466
67 1231 31 2.8 1557811349
17 1110 33 1.6 1568714860
10 1480 44 3.3 1575265182
5 1175 41 3.4 1569384679
415 1135 44 4.7 1556127060
205 1150 31 3.3 1566240525
409 1610 48 4.6 1573535656
409 1570 40 4.3 1568493806
17 1150 32 3.8 1573281603
17 1360 41 3.2 1581225847
302 1440 34 3.0 1555755422
408 1043 42 2.9 1572182330
306 1325 37 1.9 1578287846
83 1232 32 3.7 1547406375
415 1564 43 1.9 1557540734
411 1110 46 2.4 1548568988
321 1440 39 4.9 1556917517
307 1564 40 4.5 1562136193
10 1400 33 2.4 1566458711
410 1590 41 2.1 1549030385
409 1356 32 3.4 1556368616
64 1340 40 2.7 1547013361
12 1360 29 3.9 1563131350
101 1897 23 4.6 1554859287
451 1650 31 2.2 1556398332
89 1480 33 1.6 1546627965
503 1175 27 3.6 1564754501
305 1450 44 1.8 1563389792
409 1340 20 2.4 1560562776
307 1600 42 1.6 1569252570
420 1360 23 3.5 1547964324
401 1042 42 1.8 1578926903
411 1232 27 1.6 1570624037
321 1650 42 1.7 1575297732
318 1340 32 4.3 1553426372
408 1225 27 2.6 1582991428
12 1043 39 4.9 1577766049
205 1042 25 2.9 1559471733
103 1134 21 4.6 1562675212
307 1620 39 2.2 1548058068
322 1042 37 3.1 1546703391
89 1380 27 4.6 1548231161
408 1590 29 3.3 1554933517
500 1300 29 3.4 1581700348
322 1420 42 2.4 1556063936
98 1135 31 4.7 1560189765
104 1550 44 4.4 1573722695
354 1550 21 2.7 1559328732
83 1042 50 3.8 1579501126
567 1088 21 3.1 1547491903
205 1570 42 2.4 1578847039
400 1225 39 2.7 1585111915
318 1570 22 3.7 1555773519
123 1043 33 2.2 1558906929
451 1231 50 2.6 1572075883
205 1520 20 1.5 1552645399
408 1356 20 4.2 1585325149
411 1440 41 3.3 1556531137
307 1600 29 2.4 1584775962
411 1134 35 4.2 1576589259
450 1564 35 2.5 1574610653
205 1550 23 4.9 1555162995
10 1400 34 4.0 1563218833
411 1380 48 4.1 1555349948
403 1480 44 4.4 1552382423
450 1087 42 1.7 1564258186
409 1400 48 1.9 1582517155
420 1610 33 3.5 1575901610
567 1360 41 3.8 1566209282
420 1600 21 4.1 1561407191
451 1450 29 2.1 1573111793
12 1232 40 2.6 1571368761
321 1087 20 4.9 1581444828
501 1420 31 4.9 1552846162
90 1450 20 4.7 1562447007
409 1450 25 4.8 1546874871
322 1540 46 3.1 1567200501
17 1897 41 4.1 1553503793
409 1620 45 3.9 1568687560
123 1325 41 3.1 1549999187
502 1200 29 1.7 1552600526
7 1564 47 3.7 1568034546
302 1232 21 4.9 1577096413
101 1600 37 4.4 1582567897
305 1550 34 2.8 1558699998
101 1897 25 2.3 1550390623
322 1360 37 3.7 1556298779
302 1043 48 2.0 1568642572
17 1570 36 1.5 1581927714
209 1360 45 4.9 1568597276
83 1110 43 3.9 1583297230
322 1460 32 2.1 1583597625
401 1564 23 1.6 1571742891
450 1590 31 2.3 1580980641
500 1300 21 4.6 1548357012
67 1356 20 3.2 1552104739
350 1175 32 2.3 1553104795
89 1340 37 3.2 1549250855
67 1610 41 1.7 1581546476
7 1087 37 2.9 1579578793
65 1042 47 2.4 1579464203
7 1897 36 2.0 1572525504
67 1088 22 5.0 1583289571
5 1135 43 4.6 1566005619
7 1135 23 4.5 1546957937
101 1231 35 1.5 1573294146
249 1564 47 3.5 1583768833
12 1231 44 2.5 1574315099
89 1110 50 2.3 1570607774
12 1087 32 2.3 1554798295
10 1088 20 4.3 1585084861
98 1232 33 3.7 1546594108
400 1897 23 4.0 1560775687
567 1564 23 3.5 1561447037
67 1356 22 4.5 1574534034
67 1135 34 1.6 1579912108
123 1087 44 1.5 1550661263
67 1232 50 3.6 1578448367
567 1232 35 2.5 1583298454
83 1134 47 3.0 1584942920
103 1232 47 1.9 1571370679
98 1135 22 2.7 1575217122
10 1087 22 1.7 1577478021
5 1356 34 2.0 1582535316
10 1232 23 4.9 1568994147
567 1088 22 4.1 1585272708
101 1232 36 4.0 1562982853
89 1232 32 3.6 1576469390
12 1135 36 2.1 1547585061
567 1897 21 3.7 1572086878
