400 1134 34 3.2 972631854
12 1231 43 3.5 985742316
90 1042 32 3.0 967412853
65 1088 22 3.4 974153862
24 1135 35 3.2 963215487
89 1232 44 3.8 971246385
249 1043 50 3.5 985423167
83 1232 44 3.1 960174325
7 1564 20 3.7 974213658
64 1897 33 3.3 965431278
101 1356 47 3.5 978365214
10 1110 40 3.2 984512367
103 1450 23 3.6 960174328
104 1087 21 3.4 972631854
17 1134 34 3.7 985742316
89 1231 43 3.3 967412853
567 1110 40 3.1 974153862
123 1564 20 3.5 963215487
5 1897 33 3.0 971246385
67 1356 47 3.4 985423167
98 1450 23 3.7 960174325
400 1087 21 3.5 974213658
12 1134 34 3.0 965431278
90 1231 43 3.1 978365214
65 1042 32 3.3 984512367
24 1088 22 3.7 960174328
89 1135 35 3.2 972631854
249 1232 44 3.6 985742316
83 1043 50 3.4 967412853
7 1232 44 3.1 974153862
64 1564 20 3.7 963215487
101 1897 33 3.0 971246385
10 1356 47 3.5 985423167
103 1110 40 3.2 960174325
104 1450 23 3.6 974213658
17 1087 21 3.1 965431278
89 1134 34 3.5 978365214
567 1231 43 3.3 984512367
123 1042 32 3.0 960174328
5 1088 22 3.4 972631854
67 1135 35 3.6 985742316
98 1232 44 3.1 967412853
400 1043 50 3.5 974153862
12 1232 44 3.3 963215487
90 1564 20 3.4 971246385
65 1897 33 3.0 985423167
24 1356 47 3.7 960174325
89 1110 40 3.5 974213658
104 1450 23 3.9 985423167
17 1087 21 2.7 960174325
89 1134 34 3.8 974213658
567 1231 43 3.3 965431278
123 1042 32 3.5 978365214
5 1088 22 2.6 984512367
249 1087 21 3.8 974321856
83 1134 34 3.2 960124875
7 1231 43 3.9 971246385
64 1042 32 3.1 985742316
101 1088 22 2.7 967412853
10 1135 35 3.6 974153862
103 1232 44 3.3 963215487
104 1043 50 3.7 971246385
17 1232 44 3.0 985423167
89 1564 20 3.5 960174325
567 1897 33 3.8 974213658
123 1356 47 3.1 965431278
5 1110 40 3.3 978365214
67 1450 23 3.6 984512367
98 1087 21 3.2 960174328
400 1134 34 3.4 972631854
12 1231 43 3.1 985742316
90 1042 32 3.5 967412853
65 1088 22 3.0 974153862
24 1135 35 3.7 963215487
89 1232 44 3.3 971246385
249 1043 50 3.5 985423167
83 1232 44 3.0 960174325
7 1564 20 3.6 974213658
64 1897 33 3.1 965431278
101 1356 47 3.4 978365214
10 1110 40 3.5 984512367
103 1450 23 3.7 960174328
104 1087 21 3.2 972631854
17 1134 34 3.6 985742316
89 1231 43 3.1 967412853
567 1110 40 3.4 974153862
123 1564 20 3.3 963215487
5 1897 33 3.0 971246385
67 1356 47 3.7 985423167
98 1450 23 3.5 960174325
400 1087 21 3.2 974213658
12 1134 34 3.4 965431278
90 1231 43 3.7 978365214
65 1042 32 3.1 984512367
24 1088 22 3.6 960174328
89 1135 35 3.5 972631854
249 1232 44 3.3 985742316
83 1043 50 3.0 967412853
7 1232 44 3.5 974153862
64 1564 20 3.7 963215487
101 1897 33 3.2 971246385
